7.0000e-05 4.7511e+00 4.7511e+00 4.7511e+00
7.1414e-05 4.8432e+00 4.8432e+00 4.8432e+00
7.2857e-05 4.9370e+00 4.9370e+00 4.9370e+00
7.4329e-05 5.0327e+00 5.0327e+00 5.0327e+00
7.5830e-05 5.1302e+00 5.1302e+00 5.1302e+00
7.7362e-05 5.2296e+00 5.2296e+00 5.2296e+00
7.8925e-05 5.3309e+00 5.3309e+00 5.3309e+00
8.0519e-05 5.4342e+00 5.4342e+00 5.4342e+00
8.2146e-05 5.5394e+00 5.5394e+00 5.5394e+00
8.3805e-05 5.6467e+00 5.6467e+00 5.6467e+00
8.5498e-05 5.7561e+00 5.7561e+00 5.7561e+00
8.7225e-05 5.8676e+00 5.8676e+00 5.8676e+00
8.8987e-05 5.9813e+00 5.9813e+00 5.9813e+00
9.0785e-05 6.0971e+00 6.0971e+00 6.0971e+00
9.2619e-05 6.2152e+00 6.2152e+00 6.2152e+00
9.4490e-05 6.3356e+00 6.3356e+00 6.3356e+00
9.6399e-05 6.4583e+00 6.4583e+00 6.4583e+00
9.8346e-05 6.5834e+00 6.5834e+00 6.5834e+00
1.0033e-04 6.7108e+00 6.7108e+00 6.7108e+00
1.0236e-04 6.8408e+00 6.8408e+00 6.8408e+00
1.0443e-04 6.9733e+00 6.9733e+00 6.9733e+00
1.0654e-04 7.1083e+00 7.1083e+00 7.1083e+00
1.0869e-04 7.2459e+00 7.2459e+00 7.2459e+00
1.1089e-04 7.3862e+00 7.3862e+00 7.3862e+00
1.1313e-04 7.5292e+00 7.5292e+00 7.5292e+00
1.1541e-04 7.6749e+00 7.6749e+00 7.6749e+00
1.1774e-04 7.8235e+00 7.8235e+00 7.8235e+00
1.2012e-04 7.9749e+00 7.9749e+00 7.9749e+00
1.2255e-04 8.1293e+00 8.1293e+00 8.1293e+00
1.2502e-04 8.2866e+00 8.2866e+00 8.2866e+00
1.2755e-04 8.4470e+00 8.4470e+00 8.4470e+00
1.3012e-04 8.6104e+00 8.6104e+00 8.6104e+00
1.3275e-04 8.7770e+00 8.7770e+00 8.7770e+00
1.3544e-04 8.9469e+00 8.9469e+00 8.9469e+00
1.3817e-04 9.1200e+00 9.1200e+00 9.1200e+00
1.4096e-04 9.2964e+00 9.2964e+00 9.2964e+00
1.4381e-04 9.4762e+00 9.4762e+00 9.4762e+00
1.4672e-04 9.6595e+00 9.6595e+00 9.6595e+00
1.4968e-04 9.8463e+00 9.8463e+00 9.8463e+00
1.5270e-04 1.0037e+01 1.0037e+01 1.0037e+01
1.5579e-04 1.0231e+01 1.0231e+01 1.0231e+01
1.5893e-04 1.0429e+01 1.0429e+01 1.0429e+01
1.6215e-04 1.0630e+01 1.0630e+01 1.0630e+01
1.6542e-04 1.0836e+01 1.0836e+01 1.0836e+01
1.6876e-04 1.1045e+01 1.1045e+01 1.1045e+01
1.7217e-04 1.1259e+01 1.1259e+01 1.1259e+01
1.7565e-04 1.1476e+01 1.1476e+01 1.1476e+01
1.7920e-04 1.1698e+01 1.1698e+01 1.1698e+01
1.8282e-04 1.1924e+01 1.1924e+01 1.1924e+01
1.8651e-04 1.2154e+01 1.2154e+01 1.2154e+01
1.9028e-04 1.2389e+01 1.2389e+01 1.2389e+01
1.9412e-04 1.2628e+01 1.2628e+01 1.2628e+01
1.9805e-04 1.2872e+01 1.2872e+01 1.2872e+01
2.0205e-04 1.3121e+01 1.3121e+01 1.3121e+01
2.0613e-04 1.3374e+01 1.3374e+01 1.3374e+01
2.1029e-04 1.3632e+01 1.3632e+01 1.3632e+01
2.1454e-04 1.3895e+01 1.3895e+01 1.3895e+01
2.1887e-04 1.4163e+01 1.4163e+01 1.4163e+01
2.2330e-04 1.4436e+01 1.4436e+01 1.4436e+01
2.2781e-04 1.4715e+01 1.4715e+01 1.4715e+01
2.3241e-04 1.4998e+01 1.4998e+01 1.4998e+01
2.3710e-04 1.5288e+01 1.5288e+01 1.5288e+01
2.4189e-04 1.5582e+01 1.5582e+01 1.5582e+01
2.4678e-04 1.5882e+01 1.5882e+01 1.5882e+01
2.5176e-04 1.6188e+01 1.6188e+01 1.6188e+01
2.5685e-04 1.6500e+01 1.6500e+01 1.6500e+01
2.6204e-04 1.6818e+01 1.6818e+01 1.6818e+01
2.6733e-04 1.7142e+01 1.7142e+01 1.7142e+01
2.7273e-04 1.7472e+01 1.7472e+01 1.7472e+01
2.7824e-04 1.7808e+01 1.7808e+01 1.7808e+01
2.8386e-04 1.8150e+01 1.8150e+01 1.8150e+01
2.8960e-04 1.8499e+01 1.8499e+01 1.8499e+01
2.9545e-04 1.8855e+01 1.8855e+01 1.8855e+01
3.0142e-04 1.9217e+01 1.9217e+01 1.9217e+01
3.0751e-04 1.9586e+01 1.9586e+01 1.9586e+01
3.1372e-04 1.9962e+01 1.9962e+01 1.9962e+01
3.2006e-04 2.0346e+01 2.0346e+01 2.0346e+01
3.2652e-04 2.0736e+01 2.0736e+01 2.0736e+01
3.3312e-04 2.1134e+01 2.1134e+01 2.1134e+01
3.3985e-04 2.1539e+01 2.1539e+01 2.1539e+01
3.4671e-04 2.1952e+01 2.1952e+01 2.1952e+01
3.5372e-04 2.2373e+01 2.2373e+01 2.2373e+01
3.6086e-04 2.2801e+01 2.2801e+01 2.2801e+01
3.6815e-04 2.3238e+01 2.3238e+01 2.3238e+01
3.7559e-04 2.3682e+01 2.3682e+01 2.3682e+01
3.8318e-04 2.4135e+01 2.4135e+01 2.4135e+01
3.9092e-04 2.4597e+01 2.4597e+01 2.4597e+01
3.9881e-04 2.5067e+01 2.5067e+01 2.5067e+01
4.0687e-04 2.5545e+01 2.5545e+01 2.5545e+01
4.1509e-04 2.6033e+01 2.6033e+01 2.6033e+01
4.2348e-04 2.6530e+01 2.6530e+01 2.6530e+01
4.3203e-04 2.7036e+01 2.7036e+01 2.7036e+01
4.4076e-04 2.7551e+01 2.7551e+01 2.7551e+01
4.4966e-04 2.8076e+01 2.8076e+01 2.8076e+01
4.5875e-04 2.8610e+01 2.8610e+01 2.8610e+01
4.6801e-04 2.9154e+01 2.9154e+01 2.9154e+01
4.7747e-04 2.9708e+01 2.9708e+01 2.9708e+01
4.8711e-04 3.0273e+01 3.0273e+01 3.0273e+01
4.9695e-04 3.0848e+01 3.0848e+01 3.0848e+01
5.0699e-04 3.1433e+01 3.1433e+01 3.1433e+01
5.1723e-04 3.2029e+01 3.2029e+01 3.2029e+01
5.2768e-04 3.2636e+01 3.2636e+01 3.2636e+01
5.3834e-04 3.3253e+01 3.3253e+01 3.3253e+01
5.4922e-04 3.3882e+01 3.3882e+01 3.3882e+01
5.6031e-04 3.4523e+01 3.4523e+01 3.4523e+01
5.7163e-04 3.5175e+01 3.5175e+01 3.5175e+01
5.8318e-04 3.5838e+01 3.5838e+01 3.5838e+01
5.9496e-04 3.6514e+01 3.6514e+01 3.6514e+01
6.0698e-04 3.7202e+01 3.7202e+01 3.7202e+01
6.1924e-04 3.7902e+01 3.7902e+01 3.7902e+01
6.3175e-04 3.8615e+01 3.8615e+01 3.8615e+01
6.4451e-04 3.9340e+01 3.9340e+01 3.9340e+01
6.5753e-04 4.0079e+01 4.0079e+01 4.0079e+01
6.7082e-04 4.0830e+01 4.0830e+01 4.0830e+01
6.8437e-04 4.1595e+01 4.1595e+01 4.1595e+01
6.9819e-04 4.2373e+01 4.2373e+01 4.2373e+01
7.1230e-04 4.3165e+01 4.3165e+01 4.3165e+01
7.2669e-04 4.3971e+01 4.3971e+01 4.3971e+01
7.4137e-04 4.4790e+01 4.4790e+01 4.4790e+01
7.5634e-04 4.5625e+01 4.5625e+01 4.5625e+01
7.7162e-04 4.6473e+01 4.6473e+01 4.6473e+01
7.8721e-04 4.7336e+01 4.7336e+01 4.7336e+01
8.0311e-04 4.8215e+01 4.8215e+01 4.8215e+01
8.1934e-04 4.9108e+01 4.9108e+01 4.9108e+01
8.3589e-04 5.0016e+01 5.0016e+01 5.0016e+01
8.5277e-04 5.0941e+01 5.0941e+01 5.0941e+01
8.7000e-04 5.1880e+01 5.1880e+01 5.1880e+01
8.8758e-04 5.2836e+01 5.2836e+01 5.2836e+01
9.0551e-04 5.3808e+01 5.3808e+01 5.3808e+01
9.2380e-04 5.4796e+01 5.4796e+01 5.4796e+01
9.4246e-04 5.5801e+01 5.5801e+01 5.5801e+01
9.6150e-04 5.6822e+01 5.6822e+01 5.6822e+01
9.8092e-04 5.7861e+01 5.7861e+01 5.7861e+01
1.0007e-03 5.8916e+01 5.8916e+01 5.8916e+01
1.0210e-03 5.9990e+01 5.9990e+01 5.9990e+01
1.0416e-03 6.1080e+01 6.1080e+01 6.1080e+01
1.0626e-03 6.2189e+01 6.2189e+01 6.2189e+01
1.0841e-03 6.3315e+01 6.3315e+01 6.3315e+01
1.1060e-03 6.4460e+01 6.4460e+01 6.4460e+01
1.1283e-03 6.5623e+01 6.5623e+01 6.5623e+01
1.1511e-03 6.6804e+01 6.6804e+01 6.6804e+01
1.1744e-03 6.8005e+01 6.8005e+01 6.8005e+01
1.1981e-03 6.9224e+01 6.9224e+01 6.9224e+01
1.2223e-03 7.0462e+01 7.0462e+01 7.0462e+01
1.2470e-03 7.1719e+01 7.1719e+01 7.1719e+01
1.2722e-03 7.2996e+01 7.2996e+01 7.2996e+01
1.2979e-03 7.4292e+01 7.4292e+01 7.4292e+01
1.3241e-03 7.5609e+01 7.5609e+01 7.5609e+01
1.3509e-03 7.6945e+01 7.6945e+01 7.6945e+01
1.3781e-03 7.8301e+01 7.8301e+01 7.8301e+01
1.4060e-03 7.9677e+01 7.9677e+01 7.9677e+01
1.4344e-03 8.1074e+01 8.1074e+01 8.1074e+01
1.4634e-03 8.2491e+01 8.2491e+01 8.2491e+01
1.4929e-03 8.3928e+01 8.3928e+01 8.3928e+01
1.5231e-03 8.5387e+01 8.5387e+01 8.5387e+01
1.5539e-03 8.6866e+01 8.6866e+01 8.6866e+01
1.5852e-03 8.8367e+01 8.8367e+01 8.8367e+01
1.6173e-03 8.9888e+01 8.9888e+01 8.9888e+01
1.6499e-03 9.1431e+01 9.1431e+01 9.1431e+01
1.6833e-03 9.2995e+01 9.2995e+01 9.2995e+01
1.7173e-03 9.4580e+01 9.4580e+01 9.4580e+01
1.7520e-03 9.6187e+01 9.6187e+01 9.6187e+01
1.7874e-03 9.7816e+01 9.7816e+01 9.7816e+01
1.8235e-03 9.9465e+01 9.9465e+01 9.9465e+01
1.8603e-03 1.0114e+02 1.0114e+02 1.0114e+02
1.8979e-03 1.0283e+02 1.0283e+02 1.0283e+02
1.9362e-03 1.0454e+02 1.0454e+02 1.0454e+02
1.9753e-03 1.0628e+02 1.0628e+02 1.0628e+02
2.0152e-03 1.0804e+02 1.0804e+02 1.0804e+02
2.0560e-03 1.0981e+02 1.0981e+02 1.0981e+02
2.0975e-03 1.1161e+02 1.1161e+02 1.1161e+02
2.1399e-03 1.1344e+02 1.1344e+02 1.1344e+02
2.1831e-03 1.1528e+02 1.1528e+02 1.1528e+02
2.2272e-03 1.1714e+02 1.1714e+02 1.1714e+02
2.2722e-03 1.1902e+02 1.1902e+02 1.1902e+02
2.3181e-03 1.2093e+02 1.2093e+02 1.2093e+02
2.3649e-03 1.2285e+02 1.2285e+02 1.2285e+02
2.4127e-03 1.2480e+02 1.2480e+02 1.2480e+02
2.4614e-03 1.2676e+02 1.2676e+02 1.2676e+02
2.5111e-03 1.2875e+02 1.2875e+02 1.2875e+02
2.5619e-03 1.3075e+02 1.3075e+02 1.3075e+02
2.6136e-03 1.3278e+02 1.3278e+02 1.3278e+02
2.6664e-03 1.3482e+02 1.3482e+02 1.3482e+02
2.7203e-03 1.3688e+02 1.3688e+02 1.3688e+02
2.7752e-03 1.3896e+02 1.3896e+02 1.3896e+02
2.8313e-03 1.4106e+02 1.4106e+02 1.4106e+02
2.8885e-03 1.4318e+02 1.4318e+02 1.4318e+02
2.9469e-03 1.4532e+02 1.4532e+02 1.4532e+02
3.0064e-03 1.4747e+02 1.4747e+02 1.4747e+02
3.0671e-03 1.4963e+02 1.4963e+02 1.4963e+02
3.1291e-03 1.5182e+02 1.5182e+02 1.5182e+02
3.1923e-03 1.5402e+02 1.5402e+02 1.5402e+02
3.2568e-03 1.5623e+02 1.5623e+02 1.5623e+02
3.3226e-03 1.5846e+02 1.5846e+02 1.5846e+02
3.3897e-03 1.6070e+02 1.6070e+02 1.6070e+02
3.4582e-03 1.6295e+02 1.6295e+02 1.6295e+02
3.5280e-03 1.6521e+02 1.6521e+02 1.6521e+02
3.5993e-03 1.6749e+02 1.6749e+02 1.6749e+02
3.6720e-03 1.6978e+02 1.6978e+02 1.6978e+02
3.7462e-03 1.7207e+02 1.7207e+02 1.7207e+02
3.8219e-03 1.7438e+02 1.7438e+02 1.7438e+02
3.8991e-03 1.7669e+02 1.7669e+02 1.7669e+02
3.9778e-03 1.7901e+02 1.7901e+02 1.7901e+02
4.0582e-03 1.8134e+02 1.8134e+02 1.8134e+02
4.1402e-03 1.8367e+02 1.8367e+02 1.8367e+02
4.2238e-03 1.8600e+02 1.8600e+02 1.8600e+02
4.3091e-03 1.8834e+02 1.8834e+02 1.8834e+02
4.3962e-03 1.9067e+02 1.9067e+02 1.9067e+02
4.4850e-03 1.9301e+02 1.9301e+02 1.9301e+02
4.5756e-03 1.9535e+02 1.9535e+02 1.9535e+02
4.6680e-03 1.9768e+02 1.9768e+02 1.9768e+02
4.7623e-03 2.0001e+02 2.0001e+02 2.0001e+02
4.8585e-03 2.0234e+02 2.0234e+02 2.0234e+02
4.9567e-03 2.0465e+02 2.0465e+02 2.0465e+02
5.0568e-03 2.0696e+02 2.0696e+02 2.0696e+02
5.1590e-03 2.0926e+02 2.0926e+02 2.0926e+02
5.2632e-03 2.1155e+02 2.1155e+02 2.1155e+02
5.3695e-03 2.1383e+02 2.1383e+02 2.1383e+02
5.4780e-03 2.1609e+02 2.1609e+02 2.1609e+02
5.5887e-03 2.1833e+02 2.1833e+02 2.1833e+02
5.7016e-03 2.2056e+02 2.2056e+02 2.2056e+02
5.8167e-03 2.2276e+02 2.2276e+02 2.2276e+02
5.9342e-03 2.2494e+02 2.2494e+02 2.2494e+02
6.0541e-03 2.2710e+02 2.2710e+02 2.2710e+02
6.1764e-03 2.2923e+02 2.2923e+02 2.2923e+02
6.3012e-03 2.3133e+02 2.3133e+02 2.3133e+02
6.4285e-03 2.3341e+02 2.3341e+02 2.3341e+02
6.5584e-03 2.3544e+02 2.3544e+02 2.3544e+02
6.6908e-03 2.3745e+02 2.3745e+02 2.3745e+02
6.8260e-03 2.3941e+02 2.3941e+02 2.3941e+02
6.9639e-03 2.4134e+02 2.4134e+02 2.4134e+02
7.1046e-03 2.4322e+02 2.4322e+02 2.4322e+02
7.2481e-03 2.4505e+02 2.4505e+02 2.4505e+02
7.3945e-03 2.4684e+02 2.4684e+02 2.4684e+02
7.5439e-03 2.4858e+02 2.4858e+02 2.4858e+02
7.6963e-03 2.5026e+02 2.5026e+02 2.5026e+02
7.8518e-03 2.5189e+02 2.5189e+02 2.5189e+02
8.0104e-03 2.5346e+02 2.5346e+02 2.5346e+02
8.1722e-03 2.5497e+02 2.5497e+02 2.5497e+02
8.3373e-03 2.5641e+02 2.5641e+02 2.5641e+02
8.5057e-03 2.5780e+02 2.5780e+02 2.5780e+02
8.6776e-03 2.5911e+02 2.5911e+02 2.5911e+02
8.8529e-03 2.6035e+02 2.6035e+02 2.6035e+02
9.0317e-03 2.6152e+02 2.6152e+02 2.6152e+02
9.2141e-03 2.6260e+02 2.6260e+02 2.6260e+02
9.4003e-03 2.6358e+02 2.6358e+02 2.6358e+02
9.5902e-03 2.6447e+02 2.6447e+02 2.6447e+02
9.7839e-03 2.6527e+02 2.6527e+02 2.6527e+02
9.9816e-03 2.6597e+02 2.6597e+02 2.6597e+02
1.0183e-02 2.6659e+02 2.6659e+02 2.6659e+02
1.0389e-02 2.6713e+02 2.6713e+02 2.6713e+02
1.0599e-02 2.6761e+02 2.6761e+02 2.6761e+02
1.0813e-02 2.6802e+02 2.6802e+02 2.6802e+02
1.1031e-02 2.6838e+02 2.6838e+02 2.6838e+02
1.1254e-02 2.6866e+02 2.6866e+02 2.6866e+02
1.1482e-02 2.6886e+02 2.6886e+02 2.6886e+02
1.1713e-02 2.6896e+02 2.6896e+02 2.6896e+02
1.1950e-02 2.6895e+02 2.6895e+02 2.6895e+02
1.2192e-02 2.6880e+02 2.6880e+02 2.6880e+02
1.2438e-02 2.6852e+02 2.6852e+02 2.6852e+02
1.2689e-02 2.6808e+02 2.6808e+02 2.6808e+02
1.2945e-02 2.6749e+02 2.6749e+02 2.6749e+02
1.3207e-02 2.6675e+02 2.6675e+02 2.6675e+02
1.3474e-02 2.6584e+02 2.6584e+02 2.6584e+02
1.3746e-02 2.6478e+02 2.6478e+02 2.6478e+02
1.4024e-02 2.6355e+02 2.6355e+02 2.6355e+02
1.4307e-02 2.6216e+02 2.6216e+02 2.6216e+02
1.4596e-02 2.6063e+02 2.6063e+02 2.6063e+02
1.4891e-02 2.5897e+02 2.5897e+02 2.5897e+02
1.5192e-02 2.5718e+02 2.5718e+02 2.5718e+02
1.5498e-02 2.5528e+02 2.5528e+02 2.5528e+02
1.5812e-02 2.5329e+02 2.5329e+02 2.5329e+02
1.6131e-02 2.5121e+02 2.5121e+02 2.5121e+02
1.6457e-02 2.4903e+02 2.4903e+02 2.4903e+02
1.6789e-02 2.4677e+02 2.4677e+02 2.4677e+02
1.7128e-02 2.4442e+02 2.4442e+02 2.4442e+02
1.7474e-02 2.4199e+02 2.4199e+02 2.4199e+02
1.7827e-02 2.3946e+02 2.3946e+02 2.3946e+02
1.8188e-02 2.3686e+02 2.3686e+02 2.3686e+02
1.8555e-02 2.3415e+02 2.3415e+02 2.3415e+02
1.8930e-02 2.3135e+02 2.3135e+02 2.3135e+02
1.9312e-02 2.2845e+02 2.2845e+02 2.2845e+02
1.9702e-02 2.2542e+02 2.2542e+02 2.2542e+02
2.0100e-02 2.2228e+02 2.2228e+02 2.2228e+02
2.0506e-02 2.1903e+02 2.1903e+02 2.1903e+02
2.0921e-02 2.1568e+02 2.1568e+02 2.1568e+02
2.1343e-02 2.1229e+02 2.1229e+02 2.1229e+02
2.1775e-02 2.0889e+02 2.0889e+02 2.0889e+02
2.2214e-02 2.0552e+02 2.0552e+02 2.0552e+02
2.2663e-02 2.0222e+02 2.0222e+02 2.0222e+02
2.3121e-02 1.9901e+02 1.9901e+02 1.9901e+02
2.3588e-02 1.9589e+02 1.9589e+02 1.9589e+02
2.4065e-02 1.9283e+02 1.9283e+02 1.9283e+02
2.4551e-02 1.8981e+02 1.8981e+02 1.8981e+02
2.5047e-02 1.8679e+02 1.8679e+02 1.8679e+02
2.5553e-02 1.8375e+02 1.8375e+02 1.8375e+02
2.6069e-02 1.8066e+02 1.8066e+02 1.8066e+02
2.6595e-02 1.7753e+02 1.7753e+02 1.7753e+02
2.7133e-02 1.7436e+02 1.7436e+02 1.7436e+02
2.7681e-02 1.7116e+02 1.7116e+02 1.7116e+02
2.8240e-02 1.6797e+02 1.6797e+02 1.6797e+02
2.8810e-02 1.6478e+02 1.6478e+02 1.6478e+02
2.9393e-02 1.6161e+02 1.6161e+02 1.6161e+02
2.9986e-02 1.5849e+02 1.5849e+02 1.5849e+02
3.0592e-02 1.5543e+02 1.5543e+02 1.5543e+02
3.1210e-02 1.5247e+02 1.5247e+02 1.5247e+02
3.1841e-02 1.4964e+02 1.4964e+02 1.4964e+02
3.2484e-02 1.4697e+02 1.4697e+02 1.4697e+02
3.3140e-02 1.4447e+02 1.4447e+02 1.4447e+02
3.3809e-02 1.4217e+02 1.4217e+02 1.4217e+02
3.4492e-02 1.4004e+02 1.4004e+02 1.4004e+02
3.5189e-02 1.3806e+02 1.3806e+02 1.3806e+02
3.5900e-02 1.3619e+02 1.3619e+02 1.3619e+02
3.6625e-02 1.3440e+02 1.3440e+02 1.3440e+02
3.7365e-02 1.3267e+02 1.3267e+02 1.3267e+02
3.8120e-02 1.3097e+02 1.3097e+02 1.3097e+02
3.8890e-02 1.2928e+02 1.2928e+02 1.2928e+02
3.9676e-02 1.2760e+02 1.2760e+02 1.2760e+02
4.0477e-02 1.2589e+02 1.2589e+02 1.2589e+02
4.1295e-02 1.2417e+02 1.2417e+02 1.2417e+02
4.2129e-02 1.2240e+02 1.2240e+02 1.2240e+02
4.2980e-02 1.2060e+02 1.2060e+02 1.2060e+02
4.3848e-02 1.1874e+02 1.1874e+02 1.1874e+02
4.4734e-02 1.1684e+02 1.1684e+02 1.1684e+02
4.5638e-02 1.1488e+02 1.1488e+02 1.1488e+02
4.6560e-02 1.1287e+02 1.1287e+02 1.1287e+02
4.7500e-02 1.1081e+02 1.1081e+02 1.1081e+02
4.8460e-02 1.0869e+02 1.0869e+02 1.0869e+02
4.9439e-02 1.0651e+02 1.0651e+02 1.0651e+02
5.0438e-02 1.0424e+02 1.0424e+02 1.0424e+02
5.1457e-02 1.0186e+02 1.0186e+02 1.0186e+02
5.2496e-02 9.9344e+01 9.9344e+01 9.9344e+01
5.3557e-02 9.6694e+01 9.6694e+01 9.6694e+01
5.4639e-02 9.3927e+01 9.3927e+01 9.3927e+01
5.5742e-02 9.1075e+01 9.1075e+01 9.1075e+01
5.6868e-02 8.8170e+01 8.8170e+01 8.8170e+01
5.8017e-02 8.5239e+01 8.5239e+01 8.5239e+01
5.9189e-02 8.2311e+01 8.2311e+01 8.2311e+01
6.0385e-02 7.9419e+01 7.9419e+01 7.9419e+01
6.1605e-02 7.6592e+01 7.6592e+01 7.6592e+01
6.2849e-02 7.3853e+01 7.3853e+01 7.3853e+01
6.4119e-02 7.1226e+01 7.1226e+01 7.1226e+01
6.5414e-02 6.8732e+01 6.8732e+01 6.8732e+01
6.6736e-02 6.6391e+01 6.6391e+01 6.6391e+01
6.8084e-02 6.4218e+01 6.4218e+01 6.4218e+01
6.9459e-02 6.2223e+01 6.2223e+01 6.2223e+01
7.0862e-02 6.0403e+01 6.0403e+01 6.0403e+01
7.2294e-02 5.8756e+01 5.8756e+01 5.8756e+01
7.3754e-02 5.7278e+01 5.7278e+01 5.7278e+01
7.5244e-02 5.5952e+01 5.5952e+01 5.5952e+01
7.6764e-02 5.4754e+01 5.4754e+01 5.4754e+01
7.8315e-02 5.3664e+01 5.3664e+01 5.3664e+01
7.9897e-02 5.2653e+01 5.2653e+01 5.2653e+01
8.1511e-02 5.1686e+01 5.1686e+01 5.1686e+01
8.3158e-02 5.0728e+01 5.0728e+01 5.0728e+01
8.4838e-02 4.9748e+01 4.9748e+01 4.9748e+01
8.6552e-02 4.8714e+01 4.8714e+01 4.8714e+01
8.8300e-02 4.7598e+01 4.7598e+01 4.7598e+01
9.0084e-02 4.6382e+01 4.6382e+01 4.6382e+01
9.1904e-02 4.5059e+01 4.5059e+01 4.5059e+01
9.3760e-02 4.3628e+01 4.3628e+01 4.3628e+01
9.5654e-02 4.2101e+01 4.2101e+01 4.2101e+01
9.7587e-02 4.0502e+01 4.0502e+01 4.0502e+01
9.9558e-02 3.8856e+01 3.8856e+01 3.8856e+01
1.0157e-01 3.7206e+01 3.7206e+01 3.7206e+01
1.0362e-01 3.5591e+01 3.5591e+01 3.5591e+01
1.0571e-01 3.4052e+01 3.4052e+01 3.4052e+01
1.0785e-01 3.2628e+01 3.2628e+01 3.2628e+01
1.1003e-01 3.1346e+01 3.1346e+01 3.1346e+01
1.1225e-01 3.0211e+01 3.0211e+01 3.0211e+01
1.1452e-01 2.9225e+01 2.9225e+01 2.9225e+01
1.1683e-01 2.8369e+01 2.8369e+01 2.8369e+01
1.1919e-01 2.7622e+01 2.7622e+01 2.7622e+01
1.2160e-01 2.6954e+01 2.6954e+01 2.6954e+01
1.2406e-01 2.6334e+01 2.6334e+01 2.6334e+01
1.2656e-01 2.5725e+01 2.5725e+01 2.5725e+01
1.2912e-01 2.5089e+01 2.5089e+01 2.5089e+01
1.3173e-01 2.4396e+01 2.4396e+01 2.4396e+01
1.3439e-01 2.3628e+01 2.3628e+01 2.3628e+01
1.3710e-01 2.2788e+01 2.2788e+01 2.2788e+01
1.3987e-01 2.1891e+01 2.1891e+01 2.1891e+01
1.4270e-01 2.0961e+01 2.0961e+01 2.0961e+01
1.4558e-01 2.0030e+01 2.0030e+01 2.0030e+01
1.4852e-01 1.9137e+01 1.9137e+01 1.9137e+01
1.5152e-01 1.8313e+01 1.8313e+01 1.8313e+01
1.5458e-01 1.7572e+01 1.7572e+01 1.7572e+01
1.5771e-01 1.6927e+01 1.6927e+01 1.6927e+01
1.6089e-01 1.6372e+01 1.6372e+01 1.6372e+01
1.6414e-01 1.5879e+01 1.5879e+01 1.5879e+01
1.6746e-01 1.5423e+01 1.5423e+01 1.5423e+01
1.7084e-01 1.4978e+01 1.4978e+01 1.4978e+01
1.7429e-01 1.4520e+01 1.4520e+01 1.4520e+01
1.7781e-01 1.4025e+01 1.4025e+01 1.4025e+01
1.8141e-01 1.3492e+01 1.3492e+01 1.3492e+01
1.8507e-01 1.2940e+01 1.2940e+01 1.2940e+01
1.8881e-01 1.2384e+01 1.2384e+01 1.2384e+01
1.9262e-01 1.1845e+01 1.1845e+01 1.1845e+01
1.9652e-01 1.1343e+01 1.1343e+01 1.1343e+01
2.0049e-01 1.0895e+01 1.0895e+01 1.0895e+01
2.0454e-01 1.0499e+01 1.0499e+01 1.0499e+01
2.0867e-01 1.0137e+01 1.0137e+01 1.0137e+01
2.1288e-01 9.7948e+00 9.7948e+00 9.7948e+00
2.1718e-01 9.4591e+00 9.4591e+00 9.4591e+00
2.2157e-01 9.1173e+00 9.1173e+00 9.1173e+00
2.2605e-01 8.7603e+00 8.7603e+00 8.7603e+00
2.3061e-01 8.3961e+00 8.3961e+00 8.3961e+00
2.3527e-01 8.0404e+00 8.0404e+00 8.0404e+00
2.4002e-01 7.7058e+00 7.7058e+00 7.7058e+00
2.4487e-01 7.3954e+00 7.3954e+00 7.3954e+00
2.4982e-01 7.1078e+00 7.1078e+00 7.1078e+00
2.5487e-01 6.8409e+00 6.8409e+00 6.8409e+00
2.6002e-01 6.5868e+00 6.5868e+00 6.5868e+00
2.6527e-01 6.3358e+00 6.3358e+00 6.3358e+00
2.7063e-01 6.0816e+00 6.0816e+00 6.0816e+00
2.7609e-01 5.8289e+00 5.8289e+00 5.8289e+00
2.8167e-01 5.5856e+00 5.5856e+00 5.5856e+00
2.8736e-01 5.3567e+00 5.3567e+00 5.3567e+00
2.9317e-01 5.1409e+00 5.1409e+00 5.1409e+00
2.9909e-01 4.9350e+00 4.9350e+00 4.9350e+00
3.0513e-01 4.7366e+00 4.7366e+00 4.7366e+00
3.1129e-01 4.5451e+00 4.5451e+00 4.5451e+00
3.1758e-01 4.3605e+00 4.3605e+00 4.3605e+00
3.2400e-01 4.1825e+00 4.1825e+00 4.1825e+00
3.3054e-01 4.0109e+00 4.0109e+00 4.0109e+00
3.3722e-01 3.8457e+00 3.8457e+00 3.8457e+00
3.4403e-01 3.6866e+00 3.6866e+00 3.6866e+00
3.5098e-01 3.5334e+00 3.5334e+00 3.5334e+00
3.5807e-01 3.3861e+00 3.3861e+00 3.3861e+00
3.6531e-01 3.2444e+00 3.2444e+00 3.2444e+00
3.7269e-01 3.1082e+00 3.1082e+00 3.1082e+00
3.8022e-01 2.9773e+00 2.9773e+00 2.9773e+00
3.8790e-01 2.8516e+00 2.8516e+00 2.8516e+00
3.9573e-01 2.7308e+00 2.7308e+00 2.7308e+00
4.0373e-01 2.6149e+00 2.6149e+00 2.6149e+00
4.1188e-01 2.5036e+00 2.5036e+00 2.5036e+00
4.2020e-01 2.3968e+00 2.3968e+00 2.3968e+00
4.2869e-01 2.2944e+00 2.2944e+00 2.2944e+00
4.3735e-01 2.1961e+00 2.1961e+00 2.1961e+00
4.4619e-01 2.1019e+00 2.1019e+00 2.1019e+00
4.5520e-01 2.0116e+00 2.0116e+00 2.0116e+00
4.6440e-01 1.9249e+00 1.9249e+00 1.9249e+00
4.7378e-01 1.8418e+00 1.8418e+00 1.8418e+00
4.8335e-01 1.7622e+00 1.7622e+00 1.7622e+00
4.9311e-01 1.6858e+00 1.6858e+00 1.6858e+00
5.0308e-01 1.6126e+00 1.6126e+00 1.6126e+00
5.1324e-01 1.5424e+00 1.5424e+00 1.5424e+00
5.2361e-01 1.4751e+00 1.4751e+00 1.4751e+00
5.3418e-01 1.4106e+00 1.4106e+00 1.4106e+00
5.4498e-01 1.3488e+00 1.3488e+00 1.3488e+00
5.5598e-01 1.2896e+00 1.2896e+00 1.2896e+00
5.6722e-01 1.2329e+00 1.2329e+00 1.2329e+00
5.7867e-01 1.1785e+00 1.1785e+00 1.1785e+00
5.9036e-01 1.1264e+00 1.1264e+00 1.1264e+00
6.0229e-01 1.0765e+00 1.0765e+00 1.0765e+00
6.1446e-01 1.0288e+00 1.0288e+00 1.0288e+00
6.2687e-01 9.8302e-01 9.8302e-01 9.8302e-01
6.3953e-01 9.3921e-01 9.3921e-01 9.3921e-01
6.5245e-01 8.9727e-01 8.9727e-01 8.9727e-01
6.6563e-01 8.5712e-01 8.5712e-01 8.5712e-01
6.7908e-01 8.1869e-01 8.1869e-01 8.1869e-01
6.9280e-01 7.8191e-01 7.8191e-01 7.8191e-01
7.0679e-01 7.4672e-01 7.4672e-01 7.4672e-01
7.2107e-01 7.1305e-01 7.1305e-01 7.1305e-01
7.3564e-01 6.8083e-01 6.8083e-01 6.8083e-01
7.5050e-01 6.5002e-01 6.5002e-01 6.5002e-01
7.6566e-01 6.2055e-01 6.2055e-01 6.2055e-01
7.8113e-01 5.9236e-01 5.9236e-01 5.9236e-01
7.9691e-01 5.6541e-01 5.6541e-01 5.6541e-01
8.1301e-01 5.3964e-01 5.3964e-01 5.3964e-01
8.2943e-01 5.1501e-01 5.1501e-01 5.1501e-01
8.4619e-01 4.9146e-01 4.9146e-01 4.9146e-01
8.6328e-01 4.6895e-01 4.6895e-01 4.6895e-01
8.8072e-01 4.4744e-01 4.4744e-01 4.4744e-01
8.9851e-01 4.2688e-01 4.2688e-01 4.2688e-01
9.1666e-01 4.0723e-01 4.0723e-01 4.0723e-01
9.3518e-01 3.8846e-01 3.8846e-01 3.8846e-01
9.5407e-01 3.7053e-01 3.7053e-01 3.7053e-01
9.7335e-01 3.5340e-01 3.5340e-01 3.5340e-01
9.9301e-01 3.3703e-01 3.3703e-01 3.3703e-01
1.0131e+00 3.2140e-01 3.2140e-01 3.2140e-01
1.0335e+00 3.0647e-01 3.0647e-01 3.0647e-01
1.0544e+00 2.9221e-01 2.9221e-01 2.9221e-01
1.0757e+00 2.7860e-01 2.7860e-01 2.7860e-01
1.0974e+00 2.6560e-01 2.6560e-01 2.6560e-01
1.1196e+00 2.5319e-01 2.5319e-01 2.5319e-01
1.1422e+00 2.4135e-01 2.4135e-01 2.4135e-01
1.1653e+00 2.3004e-01 2.3004e-01 2.3004e-01
1.1888e+00 2.1924e-01 2.1924e-01 2.1924e-01
1.2129e+00 2.0894e-01 2.0894e-01 2.0894e-01
1.2374e+00 1.9911e-01 1.9911e-01 1.9911e-01
1.2624e+00 1.8973e-01 1.8973e-01 1.8973e-01
1.2879e+00 1.8077e-01 1.8077e-01 1.8077e-01
1.3139e+00 1.7223e-01 1.7223e-01 1.7223e-01
1.3404e+00 1.6409e-01 1.6409e-01 1.6409e-01
1.3675e+00 1.5631e-01 1.5631e-01 1.5631e-01
1.3951e+00 1.4890e-01 1.4890e-01 1.4890e-01
1.4233e+00 1.4183e-01 1.4183e-01 1.4183e-01
1.4521e+00 1.3508e-01 1.3508e-01 1.3508e-01
1.4814e+00 1.2865e-01 1.2865e-01 1.2865e-01
1.5113e+00 1.2252e-01 1.2252e-01 1.2252e-01
1.5419e+00 1.1667e-01 1.1667e-01 1.1667e-01
1.5730e+00 1.1109e-01 1.1109e-01 1.1109e-01
1.6048e+00 1.0578e-01 1.0578e-01 1.0578e-01
1.6372e+00 1.0071e-01 1.0071e-01 1.0071e-01
1.6703e+00 9.5882e-02 9.5882e-02 9.5882e-02
1.7040e+00 9.1278e-02 9.1278e-02 9.1278e-02
1.7384e+00 8.6890e-02 8.6890e-02 8.6890e-02
1.7736e+00 8.2708e-02 8.2708e-02 8.2708e-02
1.8094e+00 7.8723e-02 7.8723e-02 7.8723e-02
1.8459e+00 7.4926e-02 7.4926e-02 7.4926e-02
1.8832e+00 7.1308e-02 7.1308e-02 7.1308e-02
1.9213e+00 6.7861e-02 6.7861e-02 6.7861e-02
1.9601e+00 6.4577e-02 6.4577e-02 6.4577e-02
1.9997e+00 6.1448e-02 6.1448e-02 6.1448e-02
2.0401e+00 5.8468e-02 5.8468e-02 5.8468e-02
2.0813e+00 5.5629e-02 5.5629e-02 5.5629e-02
2.1233e+00 5.2926e-02 5.2926e-02 5.2926e-02
2.1662e+00 5.0351e-02 5.0351e-02 5.0351e-02
2.2100e+00 4.7898e-02 4.7898e-02 4.7898e-02
2.2546e+00 4.5563e-02 4.5563e-02 4.5563e-02
2.3002e+00 4.3340e-02 4.3340e-02 4.3340e-02
2.3466e+00 4.1222e-02 4.1222e-02 4.1222e-02
2.3940e+00 3.9207e-02 3.9207e-02 3.9207e-02
2.4424e+00 3.7288e-02 3.7288e-02 3.7288e-02
2.4917e+00 3.5461e-02 3.5461e-02 3.5461e-02
2.5421e+00 3.3722e-02 3.3722e-02 3.3722e-02
2.5934e+00 3.2066e-02 3.2066e-02 3.2066e-02
2.6458e+00 3.0491e-02 3.0491e-02 3.0491e-02
2.6993e+00 2.8991e-02 2.8991e-02 2.8991e-02
2.7538e+00 2.7564e-02 2.7564e-02 2.7564e-02
2.8094e+00 2.6206e-02 2.6206e-02 2.6206e-02
2.8662e+00 2.4913e-02 2.4913e-02 2.4913e-02
2.9241e+00 2.3683e-02 2.3683e-02 2.3683e-02
2.9832e+00 2.2513e-02 2.2513e-02 2.2513e-02
3.0434e+00 2.1400e-02 2.1400e-02 2.1400e-02
3.1049e+00 2.0341e-02 2.0341e-02 2.0341e-02
3.1676e+00 1.9333e-02 1.9333e-02 1.9333e-02
3.2316e+00 1.8374e-02 1.8374e-02 1.8374e-02
3.2969e+00 1.7462e-02 1.7462e-02 1.7462e-02
3.3635e+00 1.6595e-02 1.6595e-02 1.6595e-02
3.4315e+00 1.5770e-02 1.5770e-02 1.5770e-02
3.5008e+00 1.4986e-02 1.4986e-02 1.4986e-02
3.5715e+00 1.4239e-02 1.4239e-02 1.4239e-02
3.6436e+00 1.3530e-02 1.3530e-02 1.3530e-02
3.7173e+00 1.2855e-02 1.2855e-02 1.2855e-02
3.7923e+00 1.2213e-02 1.2213e-02 1.2213e-02
3.8690e+00 1.1603e-02 1.1603e-02 1.1603e-02
3.9471e+00 1.1023e-02 1.1023e-02 1.1023e-02
4.0269e+00 1.0472e-02 1.0472e-02 1.0472e-02
4.1082e+00 9.9473e-03 9.9473e-03 9.9473e-03
4.1912e+00 9.4488e-03 9.4488e-03 9.4488e-03
4.2759e+00 8.9749e-03 8.9749e-03 8.9749e-03
4.3622e+00 8.5245e-03 8.5245e-03 8.5245e-03
4.4504e+00 8.0963e-03 8.0963e-03 8.0963e-03
4.5403e+00 7.6894e-03 7.6894e-03 7.6894e-03
4.6320e+00 7.3026e-03 7.3026e-03 7.3026e-03
4.7256e+00 6.9350e-03 6.9350e-03 6.9350e-03
4.8210e+00 6.5856e-03 6.5856e-03 6.5856e-03
4.9184e+00 6.2536e-03 6.2536e-03 6.2536e-03
5.0178e+00 5.9381e-03 5.9381e-03 5.9381e-03
5.1191e+00 5.6383e-03 5.6383e-03 5.6383e-03
5.2225e+00 5.3535e-03 5.3535e-03 5.3535e-03
5.3280e+00 5.0828e-03 5.0828e-03 5.0828e-03
5.4357e+00 4.8257e-03 4.8257e-03 4.8257e-03
5.5455e+00 4.5814e-03 4.5814e-03 4.5814e-03
5.6575e+00 4.3493e-03 4.3493e-03 4.3493e-03
5.7718e+00 4.1288e-03 4.1288e-03 4.1288e-03
5.8884e+00 3.9193e-03 3.9193e-03 3.9193e-03
6.0074e+00 3.7204e-03 3.7204e-03 3.7204e-03
6.1287e+00 3.5314e-03 3.5314e-03 3.5314e-03
6.2525e+00 3.3519e-03 3.3519e-03 3.3519e-03
6.3788e+00 3.1814e-03 3.1814e-03 3.1814e-03
6.5077e+00 3.0195e-03 3.0195e-03 3.0195e-03
6.6392e+00 2.8657e-03 2.8657e-03 2.8657e-03
6.7733e+00 2.7197e-03 2.7197e-03 2.7197e-03
6.9101e+00 2.5810e-03 2.5810e-03 2.5810e-03
7.0497e+00 2.4493e-03 2.4493e-03 2.4493e-03
7.1921e+00 2.3242e-03 2.3242e-03 2.3242e-03
7.3374e+00 2.2055e-03 2.2055e-03 2.2055e-03
7.4856e+00 2.0927e-03 2.0927e-03 2.0927e-03
7.6368e+00 1.9857e-03 1.9857e-03 1.9857e-03
7.7911e+00 1.8840e-03 1.8840e-03 1.8840e-03
7.9485e+00 1.7876e-03 1.7876e-03 1.7876e-03
8.1091e+00 1.6959e-03 1.6959e-03 1.6959e-03
8.2729e+00 1.6090e-03 1.6090e-03 1.6090e-03
8.4400e+00 1.5264e-03 1.5264e-03 1.5264e-03
8.6105e+00 1.4481e-03 1.4481e-03 1.4481e-03
8.7845e+00 1.3737e-03 1.3737e-03 1.3737e-03
8.9619e+00 1.3031e-03 1.3031e-03 1.3031e-03
9.1430e+00 1.2361e-03 1.2361e-03 1.2361e-03
9.3277e+00 1.1725e-03 1.1725e-03 1.1725e-03
9.5161e+00 1.1121e-03 1.1121e-03 1.1121e-03
9.7083e+00 1.0548e-03 1.0548e-03 1.0548e-03
9.9045e+00 1.0005e-03 1.0005e-03 1.0005e-03
1.0105e+01 9.4887e-04 9.4887e-04 9.4887e-04
1.0309e+01 8.9991e-04 8.9991e-04 8.9991e-04
1.0517e+01 8.5345e-04 8.5345e-04 8.5345e-04
1.0729e+01 8.0936e-04 8.0936e-04 8.0936e-04
1.0946e+01 7.6753e-04 7.6753e-04 7.6753e-04
1.1167e+01 7.2784e-04 7.2784e-04 7.2784e-04
1.1393e+01 6.9019e-04 6.9019e-04 6.9019e-04
1.1623e+01 6.5446e-04 6.5446e-04 6.5446e-04
1.1858e+01 6.2057e-04 6.2057e-04 6.2057e-04
1.2097e+01 5.8841e-04 5.8841e-04 5.8841e-04
1.2342e+01 5.5790e-04 5.5790e-04 5.5790e-04
1.2591e+01 5.2896e-04 5.2896e-04 5.2896e-04
1.2845e+01 5.0151e-04 5.0151e-04 5.0151e-04
1.3105e+01 4.7547e-04 4.7547e-04 4.7547e-04
1.3370e+01 4.5077e-04 4.5077e-04 4.5077e-04
1.3640e+01 4.2734e-04 4.2734e-04 4.2734e-04
1.3915e+01 4.0512e-04 4.0512e-04 4.0512e-04
1.4196e+01 3.8404e-04 3.8404e-04 3.8404e-04
1.4483e+01 3.6405e-04 3.6405e-04 3.6405e-04
1.4776e+01 3.4509e-04 3.4509e-04 3.4509e-04
1.5074e+01 3.2711e-04 3.2711e-04 3.2711e-04
1.5379e+01 3.1005e-04 3.1005e-04 3.1005e-04
1.5689e+01 2.9388e-04 2.9388e-04 2.9388e-04
1.6006e+01 2.7855e-04 2.7855e-04 2.7855e-04
1.6330e+01 2.6401e-04 2.6401e-04 2.6401e-04
1.6660e+01 2.5022e-04 2.5022e-04 2.5022e-04
1.6996e+01 2.3714e-04 2.3714e-04 2.3714e-04
1.7339e+01 2.2474e-04 2.2474e-04 2.2474e-04
1.7690e+01 2.1299e-04 2.1299e-04 2.1299e-04
1.8047e+01 2.0184e-04 2.0184e-04 2.0184e-04
1.8412e+01 1.9127e-04 1.9127e-04 1.9127e-04
1.8784e+01 1.8126e-04 1.8126e-04 1.8126e-04
1.9163e+01 1.7176e-04 1.7176e-04 1.7176e-04
1.9550e+01 1.6275e-04 1.6275e-04 1.6275e-04
1.9945e+01 1.5422e-04 1.5422e-04 1.5422e-04
2.0348e+01 1.4612e-04 1.4612e-04 1.4612e-04
2.0759e+01 1.3845e-04 1.3845e-04 1.3845e-04
2.1178e+01 1.3118e-04 1.3118e-04 1.3118e-04
2.1606e+01 1.2429e-04 1.2429e-04 1.2429e-04
2.2043e+01 1.1775e-04 1.1775e-04 1.1775e-04
2.2488e+01 1.1156e-04 1.1156e-04 1.1156e-04
2.2942e+01 1.0569e-04 1.0569e-04 1.0569e-04
2.3406e+01 1.0013e-04 1.0013e-04 1.0013e-04
2.3879e+01 9.4853e-05 9.4853e-05 9.4853e-05
2.4361e+01 8.9856e-05 8.9856e-05 8.9856e-05
2.4853e+01 8.5119e-05 8.5119e-05 8.5119e-05
2.5355e+01 8.0630e-05 8.0630e-05 8.0630e-05
2.5867e+01 7.6376e-05 7.6376e-05 7.6376e-05
2.6390e+01 7.2345e-05 7.2345e-05 7.2345e-05
2.6923e+01 6.8525e-05 6.8525e-05 6.8525e-05
2.7467e+01 6.4905e-05 6.4905e-05 6.4905e-05
2.8022e+01 6.1474e-05 6.1474e-05 6.1474e-05
2.8588e+01 5.8224e-05 5.8224e-05 5.8224e-05
2.9165e+01 5.5144e-05 5.5144e-05 5.5144e-05
2.9755e+01 5.2225e-05 5.2225e-05 5.2225e-05
3.0356e+01 4.9460e-05 4.9460e-05 4.9460e-05
3.0969e+01 4.6840e-05 4.6840e-05 4.6840e-05
3.1595e+01 4.4358e-05 4.4358e-05 4.4358e-05
3.2233e+01 4.2006e-05 4.2006e-05 4.2006e-05
3.2884e+01 3.9778e-05 3.9778e-05 3.9778e-05
3.3548e+01 3.7668e-05 3.7668e-05 3.7668e-05
3.4226e+01 3.5668e-05 3.5668e-05 3.5668e-05
3.4917e+01 3.3774e-05 3.3774e-05 3.3774e-05
3.5623e+01 3.1979e-05 3.1979e-05 3.1979e-05
3.6342e+01 3.0279e-05 3.0279e-05 3.0279e-05
3.7077e+01 2.8669e-05 2.8669e-05 2.8669e-05
3.7826e+01 2.7143e-05 2.7143e-05 2.7143e-05
3.8590e+01 2.5698e-05 2.5698e-05 2.5698e-05
3.9369e+01 2.4330e-05 2.4330e-05 2.4330e-05
4.0165e+01 2.3033e-05 2.3033e-05 2.3033e-05
4.0976e+01 2.1805e-05 2.1805e-05 2.1805e-05
4.1804e+01 2.0642e-05 2.0642e-05 2.0642e-05
4.2648e+01 1.9541e-05 1.9541e-05 1.9541e-05
4.3510e+01 1.8498e-05 1.8498e-05 1.8498e-05
4.4389e+01 1.7510e-05 1.7510e-05 1.7510e-05
4.5285e+01 1.6574e-05 1.6574e-05 1.6574e-05
4.6200e+01 1.5688e-05 1.5688e-05 1.5688e-05
4.7134e+01 1.4849e-05 1.4849e-05 1.4849e-05
4.8086e+01 1.4054e-05 1.4054e-05 1.4054e-05
4.9057e+01 1.3302e-05 1.3302e-05 1.3302e-05
5.0048e+01 1.2589e-05 1.2589e-05 1.2589e-05
5.1059e+01 1.1915e-05 1.1915e-05 1.1915e-05
5.2091e+01 1.1276e-05 1.1276e-05 1.1276e-05
5.3143e+01 1.0671e-05 1.0671e-05 1.0671e-05
5.4216e+01 1.0098e-05 1.0098e-05 1.0098e-05
5.5312e+01 9.5555e-06 9.5555e-06 9.5555e-06
5.6429e+01 9.0420e-06 9.0420e-06 9.0420e-06
5.7569e+01 8.5558e-06 8.5558e-06 8.5558e-06
5.8732e+01 8.0955e-06 8.0955e-06 8.0955e-06
5.9918e+01 7.6597e-06 7.6597e-06 7.6597e-06
6.1129e+01 7.2471e-06 7.2471e-06 7.2471e-06
6.2364e+01 6.8565e-06 6.8565e-06 6.8565e-06
6.3624e+01 6.4868e-06 6.4868e-06 6.4868e-06
6.4909e+01 6.1368e-06 6.1368e-06 6.1368e-06
6.6220e+01 5.8054e-06 5.8054e-06 5.8054e-06
6.7558e+01 5.4918e-06 5.4918e-06 5.4918e-06
6.8923e+01 5.1949e-06 5.1949e-06 5.1949e-06
7.0315e+01 4.9139e-06 4.9139e-06 4.9139e-06
7.1735e+01 4.6479e-06 4.6479e-06 4.6479e-06
7.3185e+01 4.3961e-06 4.3961e-06 4.3961e-06
7.4663e+01 4.1578e-06 4.1578e-06 4.1578e-06
7.6171e+01 3.9323e-06 3.9323e-06 3.9323e-06
7.7710e+01 3.7188e-06 3.7188e-06 3.7188e-06
7.9280e+01 3.5168e-06 3.5168e-06 3.5168e-06
8.0881e+01 3.3256e-06 3.3256e-06 3.3256e-06
8.2515e+01 3.1447e-06 3.1447e-06 3.1447e-06
8.4182e+01 2.9735e-06 2.9735e-06 2.9735e-06
8.5883e+01 2.8114e-06 2.8114e-06 2.8114e-06
8.7618e+01 2.6581e-06 2.6581e-06 2.6581e-06
8.9388e+01 2.5130e-06 2.5130e-06 2.5130e-06
9.1194e+01 2.3758e-06 2.3758e-06 2.3758e-06
9.3036e+01 2.2459e-06 2.2459e-06 2.2459e-06
9.4915e+01 2.1230e-06 2.1230e-06 2.1230e-06
9.6833e+01 2.0067e-06 2.0067e-06 2.0067e-06
9.8789e+01 1.8967e-06 1.8967e-06 1.8967e-06
1.0078e+02 1.7926e-06 1.7926e-06 1.7926e-06
1.0282e+02 1.6941e-06 1.6941e-06 1.6941e-06
1.0490e+02 1.6010e-06 1.6010e-06 1.6010e-06
1.0702e+02 1.5128e-06 1.5128e-06 1.5128e-06
1.0918e+02 1.4295e-06 1.4295e-06 1.4295e-06
1.1138e+02 1.3506e-06 1.3506e-06 1.3506e-06
1.1363e+02 1.2760e-06 1.2760e-06 1.2760e-06
1.1593e+02 1.2055e-06 1.2055e-06 1.2055e-06
1.1827e+02 1.1388e-06 1.1388e-06 1.1388e-06
1.2066e+02 1.0757e-06 1.0757e-06 1.0757e-06
1.2310e+02 1.0160e-06 1.0160e-06 1.0160e-06
1.2559e+02 9.5955e-07 9.5955e-07 9.5955e-07
1.2812e+02 9.0618e-07 9.0618e-07 9.0618e-07
1.3071e+02 8.5571e-07 8.5571e-07 8.5571e-07
1.3335e+02 8.0799e-07 8.0799e-07 8.0799e-07
1.3604e+02 7.6287e-07 7.6287e-07 7.6287e-07
1.3879e+02 7.2020e-07 7.2020e-07 7.2020e-07
1.4160e+02 6.7987e-07 6.7987e-07 6.7987e-07
1.4446e+02 6.4174e-07 6.4174e-07 6.4174e-07
1.4738e+02 6.0569e-07 6.0569e-07 6.0569e-07
1.5035e+02 5.7161e-07 5.7161e-07 5.7161e-07
1.5339e+02 5.3940e-07 5.3940e-07 5.3940e-07
1.5649e+02 5.0895e-07 5.0895e-07 5.0895e-07
1.5965e+02 4.8018e-07 4.8018e-07 4.8018e-07
1.6288e+02 4.5299e-07 4.5299e-07 4.5299e-07
1.6617e+02 4.2729e-07 4.2729e-07 4.2729e-07
1.6952e+02 4.0300e-07 4.0300e-07 4.0300e-07
1.7295e+02 3.8006e-07 3.8006e-07 3.8006e-07
1.7644e+02 3.5838e-07 3.5838e-07 3.5838e-07
1.8000e+02 3.3790e-07 3.3790e-07 3.3790e-07
1.8364e+02 3.1856e-07 3.1856e-07 3.1856e-07
1.8735e+02 3.0028e-07 3.0028e-07 3.0028e-07
1.9114e+02 2.8302e-07 2.8302e-07 2.8302e-07
1.9500e+02 2.6672e-07 2.6672e-07 2.6672e-07
1.9894e+02 2.5133e-07 2.5133e-07 2.5133e-07
2.0296e+02 2.3679e-07 2.3679e-07 2.3679e-07
2.0705e+02 2.2307e-07 2.2307e-07 2.2307e-07
2.1124e+02 2.1012e-07 2.1012e-07 2.1012e-07
2.1551e+02 1.9789e-07 1.9789e-07 1.9789e-07
2.1986e+02 1.8635e-07 1.8635e-07 1.8635e-07
2.2430e+02 1.7545e-07 1.7545e-07 1.7545e-07
2.2883e+02 1.6517e-07 1.6517e-07 1.6517e-07
2.3345e+02 1.5547e-07 1.5547e-07 1.5547e-07
2.3817e+02 1.4632e-07 1.4632e-07 1.4632e-07
2.4298e+02 1.3769e-07 1.3769e-07 1.3769e-07
2.4789e+02 1.2955e-07 1.2955e-07 1.2955e-07
2.5290e+02 1.2187e-07 1.2187e-07 1.2187e-07
2.5801e+02 1.1463e-07 1.1463e-07 1.1463e-07
2.6322e+02 1.0780e-07 1.0780e-07 1.0780e-07
2.6854e+02 1.0137e-07 1.0137e-07 1.0137e-07
2.7396e+02 9.5307e-08 9.5307e-08 9.5307e-08
2.7950e+02 8.9593e-08 8.9593e-08 8.9593e-08
2.8514e+02 8.4210e-08 8.4210e-08 8.4210e-08
2.9090e+02 7.9139e-08 7.9139e-08 7.9139e-08
2.9678e+02 7.4363e-08 7.4363e-08 7.4363e-08
3.0277e+02 6.9865e-08 6.9865e-08 6.9865e-08
3.0889e+02 6.5630e-08 6.5630e-08 6.5630e-08
3.1513e+02 6.1643e-08 6.1643e-08 6.1643e-08
3.2150e+02 5.7890e-08 5.7890e-08 5.7890e-08
3.2799e+02 5.4357e-08 5.4357e-08 5.4357e-08
3.3462e+02 5.1033e-08 5.1033e-08 5.1033e-08
3.4138e+02 4.7906e-08 4.7906e-08 4.7906e-08
3.4827e+02 4.4965e-08 4.4965e-08 4.4965e-08
3.5531e+02 4.2199e-08 4.2199e-08 4.2199e-08
3.6249e+02 3.9600e-08 3.9600e-08 3.9600e-08
3.6981e+02 3.7157e-08 3.7157e-08 3.7157e-08
3.7728e+02 3.4861e-08 3.4861e-08 3.4861e-08
3.8490e+02 3.2705e-08 3.2705e-08 3.2705e-08
3.9268e+02 3.0679e-08 3.0679e-08 3.0679e-08
4.0061e+02 2.8777e-08 2.8777e-08 2.8777e-08
4.0870e+02 2.6992e-08 2.6992e-08 2.6992e-08
4.1696e+02 2.5316e-08 2.5316e-08 2.5316e-08
4.2538e+02 2.3743e-08 2.3743e-08 2.3743e-08
4.3397e+02 2.2268e-08 2.2268e-08 2.2268e-08
4.4274e+02 2.0883e-08 2.0883e-08 2.0883e-08
4.5168e+02 1.9584e-08 1.9584e-08 1.9584e-08
