7.0000e-05 8.1873e+00 7.3954e-03 5.8001e-02
7.1414e-05 8.3460e+00 7.6972e-03 5.4623e-02
7.2857e-05 8.5076e+00 8.0112e-03 5.1442e-02
7.4329e-05 8.6724e+00 8.3381e-03 4.8447e-02
7.5830e-05 8.8404e+00 8.6783e-03 4.5625e-02
7.7362e-05 9.0116e+00 9.0324e-03 4.2968e-02
7.8925e-05 9.1862e+00 9.4010e-03 4.0466e-02
8.0519e-05 9.3641e+00 9.7845e-03 3.8109e-02
8.2146e-05 9.5455e+00 1.0184e-02 3.5890e-02
8.3805e-05 9.7303e+00 1.0599e-02 3.3800e-02
8.5498e-05 9.9187e+00 1.1032e-02 3.1832e-02
8.7225e-05 1.0111e+01 1.1482e-02 2.9978e-02
8.8987e-05 1.0307e+01 1.1950e-02 2.8232e-02
9.0785e-05 1.0506e+01 1.2438e-02 2.6588e-02
9.2619e-05 1.0710e+01 1.2945e-02 2.5040e-02
9.4490e-05 1.0917e+01 1.3473e-02 2.3581e-02
9.6399e-05 1.1128e+01 1.4023e-02 2.2208e-02
9.8346e-05 1.1344e+01 1.4595e-02 2.0915e-02
1.0033e-04 1.1563e+01 1.5191e-02 1.9697e-02
1.0236e-04 1.1787e+01 1.5810e-02 1.8550e-02
1.0443e-04 1.2015e+01 1.6455e-02 1.7470e-02
1.0654e-04 1.2248e+01 1.7127e-02 1.6452e-02
1.0869e-04 1.2485e+01 1.7825e-02 1.5494e-02
1.1089e-04 1.2726e+01 1.8552e-02 1.4592e-02
1.1313e-04 1.2973e+01 1.9309e-02 1.3742e-02
1.1541e-04 1.3224e+01 2.0097e-02 1.2942e-02
1.1774e-04 1.3479e+01 2.0917e-02 1.2188e-02
1.2012e-04 1.3740e+01 2.1770e-02 1.1478e-02
1.2255e-04 1.4006e+01 2.2658e-02 1.0810e-02
1.2502e-04 1.4277e+01 2.3582e-02 1.0180e-02
1.2755e-04 1.4553e+01 2.4544e-02 9.5875e-03
1.3012e-04 1.4834e+01 2.5545e-02 9.0292e-03
1.3275e-04 1.5121e+01 2.6587e-02 8.5034e-03
1.3544e-04 1.5414e+01 2.7671e-02 8.0082e-03
1.3817e-04 1.5712e+01 2.8800e-02 7.5418e-03
1.4096e-04 1.6015e+01 2.9974e-02 7.1026e-03
1.4381e-04 1.6325e+01 3.1197e-02 6.6890e-03
1.4672e-04 1.6640e+01 3.2469e-02 6.2994e-03
1.4968e-04 1.6962e+01 3.3793e-02 5.9326e-03
1.5270e-04 1.7290e+01 3.5171e-02 5.5871e-03
1.5579e-04 1.7624e+01 3.6605e-02 5.2617e-03
1.5893e-04 1.7964e+01 3.8098e-02 4.9553e-03
1.6215e-04 1.8311e+01 3.9651e-02 4.6667e-03
1.6542e-04 1.8665e+01 4.1268e-02 4.3950e-03
1.6876e-04 1.9025e+01 4.2950e-02 4.1390e-03
1.7217e-04 1.9392e+01 4.4701e-02 3.8980e-03
1.7565e-04 1.9767e+01 4.6524e-02 3.6710e-03
1.7920e-04 2.0148e+01 4.8420e-02 3.4572e-03
1.8282e-04 2.0537e+01 5.0394e-02 3.2559e-03
1.8651e-04 2.0933e+01 5.2448e-02 3.0663e-03
1.9028e-04 2.1337e+01 5.4586e-02 2.8877e-03
1.9412e-04 2.1748e+01 5.6811e-02 2.7195e-03
1.9805e-04 2.2168e+01 5.9127e-02 2.5612e-03
2.0205e-04 2.2595e+01 6.1536e-02 2.4120e-03
2.0613e-04 2.3030e+01 6.4044e-02 2.2715e-03
2.1029e-04 2.3474e+01 6.6654e-02 2.1393e-03
2.1454e-04 2.3926e+01 6.9370e-02 2.0147e-03
2.1887e-04 2.4387e+01 7.2196e-02 1.8974e-03
2.2330e-04 2.4857e+01 7.5138e-02 1.7869e-03
2.2781e-04 2.5335e+01 7.8199e-02 1.6828e-03
2.3241e-04 2.5823e+01 8.1385e-02 1.5848e-03
2.3710e-04 2.6319e+01 8.4700e-02 1.4925e-03
2.4189e-04 2.6826e+01 8.8150e-02 1.4056e-03
2.4678e-04 2.7341e+01 9.1740e-02 1.3237e-03
2.5176e-04 2.7867e+01 9.5477e-02 1.2467e-03
2.5685e-04 2.8402e+01 9.9365e-02 1.1741e-03
2.6204e-04 2.8948e+01 1.0341e-01 1.1057e-03
2.6733e-04 2.9504e+01 1.0762e-01 1.0413e-03
2.7273e-04 3.0070e+01 1.1200e-01 9.8065e-04
2.7824e-04 3.0647e+01 1.1656e-01 9.2354e-04
2.8386e-04 3.1235e+01 1.2131e-01 8.6976e-04
2.8960e-04 3.1834e+01 1.2625e-01 8.1911e-04
2.9545e-04 3.2444e+01 1.3138e-01 7.7141e-04
3.0142e-04 3.3065e+01 1.3673e-01 7.2648e-04
3.0751e-04 3.3698e+01 1.4229e-01 6.8418e-04
3.1372e-04 3.4343e+01 1.4808e-01 6.4433e-04
3.2006e-04 3.5000e+01 1.5411e-01 6.0681e-04
3.2652e-04 3.5670e+01 1.6037e-01 5.7147e-04
3.3312e-04 3.6351e+01 1.6690e-01 5.3819e-04
3.3985e-04 3.7046e+01 1.7368e-01 5.0685e-04
3.4671e-04 3.7753e+01 1.8075e-01 4.7733e-04
3.5372e-04 3.8473e+01 1.8809e-01 4.4954e-04
3.6086e-04 3.9207e+01 1.9574e-01 4.2336e-04
3.6815e-04 3.9954e+01 2.0370e-01 3.9870e-04
3.7559e-04 4.0715e+01 2.1197e-01 3.7548e-04
3.8318e-04 4.1490e+01 2.2059e-01 3.5362e-04
3.9092e-04 4.2280e+01 2.2955e-01 3.3302e-04
3.9881e-04 4.3084e+01 2.3887e-01 3.1363e-04
4.0687e-04 4.3902e+01 2.4858e-01 2.9537e-04
4.1509e-04 4.4736e+01 2.5867e-01 2.7817e-04
4.2348e-04 4.5585e+01 2.6917e-01 2.6197e-04
4.3203e-04 4.6449e+01 2.8010e-01 2.4671e-04
4.4076e-04 4.7329e+01 2.9147e-01 2.3234e-04
4.4966e-04 4.8225e+01 3.0330e-01 2.1881e-04
4.5875e-04 4.9138e+01 3.1560e-01 2.0607e-04
4.6801e-04 5.0067e+01 3.2840e-01 1.9407e-04
4.7747e-04 5.1012e+01 3.4172e-01 1.8277e-04
4.8711e-04 5.1975e+01 3.5558e-01 1.7212e-04
4.9695e-04 5.2955e+01 3.6999e-01 1.6210e-04
5.0699e-04 5.3952e+01 3.8499e-01 1.5266e-04
5.1723e-04 5.4967e+01 4.0059e-01 1.4377e-04
5.2768e-04 5.6001e+01 4.1682e-01 1.3540e-04
5.3834e-04 5.7052e+01 4.3370e-01 1.2751e-04
5.4922e-04 5.8123e+01 4.5126e-01 1.2009e-04
5.6031e-04 5.9212e+01 4.6953e-01 1.1309e-04
5.7163e-04 6.0321e+01 4.8853e-01 1.0651e-04
5.8318e-04 6.1449e+01 5.0830e-01 1.0031e-04
5.9496e-04 6.2597e+01 5.2886e-01 9.4464e-05
6.0698e-04 6.3766e+01 5.5025e-01 8.8963e-05
6.1924e-04 6.4954e+01 5.7249e-01 8.3782e-05
6.3175e-04 6.6164e+01 5.9563e-01 7.8903e-05
6.4451e-04 6.7394e+01 6.1970e-01 7.4308e-05
6.5753e-04 6.8646e+01 6.4474e-01 6.9981e-05
6.7082e-04 6.9919e+01 6.7077e-01 6.5905e-05
6.8437e-04 7.1214e+01 6.9785e-01 6.2067e-05
6.9819e-04 7.2531e+01 7.2602e-01 5.8453e-05
7.1230e-04 7.3871e+01 7.5531e-01 5.5049e-05
7.2669e-04 7.5234e+01 7.8577e-01 5.1843e-05
7.4137e-04 7.6619e+01 8.1745e-01 4.8824e-05
7.5634e-04 7.8028e+01 8.5039e-01 4.5980e-05
7.7162e-04 7.9461e+01 8.8465e-01 4.3303e-05
7.8721e-04 8.0917e+01 9.2028e-01 4.0781e-05
8.0311e-04 8.2398e+01 9.5732e-01 3.8406e-05
8.1934e-04 8.3903e+01 9.9584e-01 3.6170e-05
8.3589e-04 8.5432e+01 1.0359e+00 3.4063e-05
8.5277e-04 8.6987e+01 1.0775e+00 3.2079e-05
8.7000e-04 8.8568e+01 1.1209e+00 3.0211e-05
8.8758e-04 9.0174e+01 1.1659e+00 2.8452e-05
9.0551e-04 9.1806e+01 1.2127e+00 2.6795e-05
9.2380e-04 9.3464e+01 1.2614e+00 2.5235e-05
9.4246e-04 9.5148e+01 1.3120e+00 2.3765e-05
9.6150e-04 9.6860e+01 1.3646e+00 2.2381e-05
9.8092e-04 9.8598e+01 1.4193e+00 2.1078e-05
1.0007e-03 1.0036e+02 1.4761e+00 1.9850e-05
1.0210e-03 1.0216e+02 1.5352e+00 1.8694e-05
1.0416e-03 1.0398e+02 1.5966e+00 1.7606e-05
1.0626e-03 1.0583e+02 1.6605e+00 1.6580e-05
1.0841e-03 1.0771e+02 1.7269e+00 1.5615e-05
1.1060e-03 1.0961e+02 1.7959e+00 1.4705e-05
1.1283e-03 1.1155e+02 1.8676e+00 1.3849e-05
1.1511e-03 1.1351e+02 1.9421e+00 1.3043e-05
1.1744e-03 1.1551e+02 2.0195e+00 1.2283e-05
1.1981e-03 1.1753e+02 2.1000e+00 1.1568e-05
1.2223e-03 1.1958e+02 2.1837e+00 1.0894e-05
1.2470e-03 1.2166e+02 2.2706e+00 1.0260e-05
1.2722e-03 1.2378e+02 2.3609e+00 9.6622e-06
1.2979e-03 1.2592e+02 2.4547e+00 9.0995e-06
1.3241e-03 1.2809e+02 2.5522e+00 8.5696e-06
1.3509e-03 1.3029e+02 2.6535e+00 8.0705e-06
1.3781e-03 1.3253e+02 2.7588e+00 7.6005e-06
1.4060e-03 1.3479e+02 2.8681e+00 7.1579e-06
1.4344e-03 1.3708e+02 2.9817e+00 6.7411e-06
1.4634e-03 1.3941e+02 3.0997e+00 6.3485e-06
1.4929e-03 1.4176e+02 3.2223e+00 5.9788e-06
1.5231e-03 1.4415e+02 3.3496e+00 5.6306e-06
1.5539e-03 1.4657e+02 3.4818e+00 5.3027e-06
1.5852e-03 1.4902e+02 3.6191e+00 4.9939e-06
1.6173e-03 1.5149e+02 3.7617e+00 4.7031e-06
1.6499e-03 1.5400e+02 3.9099e+00 4.4292e-06
1.6833e-03 1.5655e+02 4.0637e+00 4.1713e-06
1.7173e-03 1.5912e+02 4.2234e+00 3.9283e-06
1.7520e-03 1.6172e+02 4.3892e+00 3.6996e-06
1.7874e-03 1.6436e+02 4.5614e+00 3.4841e-06
1.8235e-03 1.6702e+02 4.7401e+00 3.2812e-06
1.8603e-03 1.6971e+02 4.9257e+00 3.0901e-06
1.8979e-03 1.7244e+02 5.1183e+00 2.9102e-06
1.9362e-03 1.7519e+02 5.3183e+00 2.7407e-06
1.9753e-03 1.7798e+02 5.5258e+00 2.5811e-06
2.0152e-03 1.8079e+02 5.7412e+00 2.4308e-06
2.0560e-03 1.8363e+02 5.9648e+00 2.2892e-06
2.0975e-03 1.8650e+02 6.1967e+00 2.1559e-06
2.1399e-03 1.8940e+02 6.4375e+00 2.0304e-06
2.1831e-03 1.9232e+02 6.6872e+00 1.9121e-06
2.2272e-03 1.9528e+02 6.9464e+00 1.8008e-06
2.2722e-03 1.9826e+02 7.2152e+00 1.6959e-06
2.3181e-03 2.0126e+02 7.4941e+00 1.5971e-06
2.3649e-03 2.0430e+02 7.7834e+00 1.5041e-06
2.4127e-03 2.0735e+02 8.0835e+00 1.4165e-06
2.4614e-03 2.1044e+02 8.3947e+00 1.3340e-06
2.5111e-03 2.1354e+02 8.7174e+00 1.2564e-06
2.5619e-03 2.1667e+02 9.0521e+00 1.1832e-06
2.6136e-03 2.1982e+02 9.3992e+00 1.1143e-06
2.6664e-03 2.2300e+02 9.7590e+00 1.0494e-06
2.7203e-03 2.2619e+02 1.0132e+01 9.8829e-07
2.7752e-03 2.2941e+02 1.0519e+01 9.3073e-07
2.8313e-03 2.3264e+02 1.0920e+01 8.7653e-07
2.8885e-03 2.3590e+02 1.1335e+01 8.2549e-07
2.9469e-03 2.3917e+02 1.1766e+01 7.7741e-07
3.0064e-03 2.4245e+02 1.2212e+01 7.3214e-07
3.0671e-03 2.4576e+02 1.2674e+01 6.8950e-07
3.1291e-03 2.4907e+02 1.3153e+01 6.4935e-07
3.1923e-03 2.5240e+02 1.3650e+01 6.1154e-07
3.2568e-03 2.5574e+02 1.4164e+01 5.7592e-07
3.3226e-03 2.5909e+02 1.4696e+01 5.4238e-07
3.3897e-03 2.6244e+02 1.5248e+01 5.1080e-07
3.4582e-03 2.6581e+02 1.5819e+01 4.8105e-07
3.5280e-03 2.6918e+02 1.6410e+01 4.5304e-07
3.5993e-03 2.7255e+02 1.7022e+01 4.2665e-07
3.6720e-03 2.7593e+02 1.7656e+01 4.0181e-07
3.7462e-03 2.7931e+02 1.8312e+01 3.7841e-07
3.8219e-03 2.8268e+02 1.8991e+01 3.5637e-07
3.8991e-03 2.8606e+02 1.9694e+01 3.3562e-07
3.9778e-03 2.8942e+02 2.0421e+01 3.1607e-07
4.0582e-03 2.9278e+02 2.1173e+01 2.9767e-07
4.1402e-03 2.9614e+02 2.1951e+01 2.8033e-07
4.2238e-03 2.9948e+02 2.2756e+01 2.6401e-07
4.3091e-03 3.0281e+02 2.3588e+01 2.4863e-07
4.3962e-03 3.0612e+02 2.4449e+01 2.3415e-07
4.4850e-03 3.0941e+02 2.5339e+01 2.2052e-07
4.5756e-03 3.1269e+02 2.6259e+01 2.0767e-07
4.6680e-03 3.1594e+02 2.7210e+01 1.9558e-07
4.7623e-03 3.1917e+02 2.8193e+01 1.8419e-07
4.8585e-03 3.2237e+02 2.9208e+01 1.7346e-07
4.9567e-03 3.2553e+02 3.0257e+01 1.6336e-07
5.0568e-03 3.2867e+02 3.1341e+01 1.5385e-07
5.1590e-03 3.3177e+02 3.2461e+01 1.4489e-07
5.2632e-03 3.3483e+02 3.3616e+01 1.3645e-07
5.3695e-03 3.3785e+02 3.4810e+01 1.2851e-07
5.4780e-03 3.4082e+02 3.6042e+01 1.2102e-07
5.5887e-03 3.4375e+02 3.7314e+01 1.1397e-07
5.7016e-03 3.4662e+02 3.8626e+01 1.0734e-07
5.8167e-03 3.4944e+02 3.9980e+01 1.0109e-07
5.9342e-03 3.5220e+02 4.1376e+01 9.5199e-08
6.0541e-03 3.5490e+02 4.2816e+01 8.9655e-08
6.1764e-03 3.5753e+02 4.4301e+01 8.4434e-08
6.3012e-03 3.6009e+02 4.5832e+01 7.9517e-08
6.4285e-03 3.6259e+02 4.7410e+01 7.4886e-08
6.5584e-03 3.6500e+02 4.9036e+01 7.0525e-08
6.6908e-03 3.6734e+02 5.0711e+01 6.6418e-08
6.8260e-03 3.6960e+02 5.2437e+01 6.2550e-08
6.9639e-03 3.7176e+02 5.4214e+01 5.8908e-08
7.1046e-03 3.7383e+02 5.6043e+01 5.5477e-08
7.2481e-03 3.7581e+02 5.7925e+01 5.2246e-08
7.3945e-03 3.7769e+02 5.9862e+01 4.9204e-08
7.5439e-03 3.7946e+02 6.1854e+01 4.6338e-08
7.6963e-03 3.8112e+02 6.3903e+01 4.3640e-08
7.8518e-03 3.8267e+02 6.6009e+01 4.1099e-08
8.0104e-03 3.8410e+02 6.8174e+01 3.8705e-08
8.1722e-03 3.8542e+02 7.0399e+01 3.6451e-08
8.3373e-03 3.8662e+02 7.2685e+01 3.4328e-08
8.5057e-03 3.8770e+02 7.5033e+01 3.2329e-08
8.6776e-03 3.8865e+02 7.7443e+01 3.0447e-08
8.8529e-03 3.8946e+02 7.9917e+01 2.8673e-08
9.0317e-03 3.9012e+02 8.2454e+01 2.7004e-08
9.2141e-03 3.9062e+02 8.5053e+01 2.5431e-08
9.4003e-03 3.9096e+02 8.7716e+01 2.3950e-08
9.5902e-03 3.9111e+02 9.0441e+01 2.2555e-08
9.7839e-03 3.9108e+02 9.3230e+01 2.1242e-08
9.9816e-03 3.9089e+02 9.6084e+01 2.0005e-08
1.0183e-02 3.9056e+02 9.9008e+01 1.8840e-08
1.0389e-02 3.9011e+02 1.0201e+02 1.7743e-08
1.0599e-02 3.8956e+02 1.0508e+02 1.6709e-08
1.0813e-02 3.8892e+02 1.0823e+02 1.5736e-08
1.1031e-02 3.8821e+02 1.1147e+02 1.4820e-08
1.1254e-02 3.8740e+02 1.1479e+02 1.3957e-08
1.1482e-02 3.8646e+02 1.1819e+02 1.3144e-08
1.1713e-02 3.8536e+02 1.2167e+02 1.2379e-08
1.1950e-02 3.8406e+02 1.2521e+02 1.1658e-08
1.2192e-02 3.8254e+02 1.2882e+02 1.0979e-08
1.2438e-02 3.8077e+02 1.3249e+02 1.0340e-08
1.2689e-02 3.7874e+02 1.3621e+02 9.7374e-09
1.2945e-02 3.7645e+02 1.3999e+02 9.1703e-09
1.3207e-02 3.7390e+02 1.4382e+02 8.6363e-09
1.3474e-02 3.7108e+02 1.4771e+02 8.1333e-09
1.3746e-02 3.6801e+02 1.5163e+02 7.6597e-09
1.4024e-02 3.6467e+02 1.5560e+02 7.2136e-09
1.4307e-02 3.6109e+02 1.5962e+02 6.7935e-09
1.4596e-02 3.5730e+02 1.6368e+02 6.3979e-09
1.4891e-02 3.5331e+02 1.6779e+02 6.0253e-09
1.5192e-02 3.4917e+02 1.7195e+02 5.6744e-09
1.5498e-02 3.4489e+02 1.7617e+02 5.3440e-09
1.5812e-02 3.4050e+02 1.8044e+02 5.0328e-09
1.6131e-02 3.3602e+02 1.8479e+02 4.7397e-09
1.6457e-02 3.3145e+02 1.8919e+02 4.4637e-09
1.6789e-02 3.2679e+02 1.9365e+02 4.2037e-09
1.7128e-02 3.2204e+02 1.9817e+02 3.9589e-09
1.7474e-02 3.1721e+02 2.0275e+02 3.7284e-09
1.7827e-02 3.1230e+02 2.0739e+02 3.5113e-09
1.8188e-02 3.0730e+02 2.1207e+02 3.3068e-09
1.8555e-02 3.0222e+02 2.1680e+02 3.1142e-09
1.8930e-02 2.9703e+02 2.2157e+02 2.9328e-09
1.9312e-02 2.9174e+02 2.2636e+02 2.7620e-09
1.9702e-02 2.8633e+02 2.3118e+02 2.6012e-09
2.0100e-02 2.8081e+02 2.3600e+02 2.4497e-09
2.0506e-02 2.7516e+02 2.4083e+02 2.3071e-09
2.0921e-02 2.6945e+02 2.4567e+02 2.1727e-09
2.1343e-02 2.6375e+02 2.5056e+02 2.0462e-09
2.1775e-02 2.5812e+02 2.5552e+02 1.9270e-09
2.2214e-02 2.5261e+02 2.6058e+02 1.8148e-09
2.2663e-02 2.4728e+02 2.6578e+02 1.7091e-09
2.3121e-02 2.4218e+02 2.7114e+02 1.6096e-09
2.3588e-02 2.3730e+02 2.7668e+02 1.5158e-09
2.4065e-02 2.3259e+02 2.8238e+02 1.4276e-09
2.4551e-02 2.2801e+02 2.8821e+02 1.3444e-09
2.5047e-02 2.2352e+02 2.9417e+02 1.2661e-09
2.5553e-02 2.1908e+02 3.0022e+02 1.1924e-09
2.6069e-02 2.1465e+02 3.0635e+02 1.1230e-09
2.6595e-02 2.1023e+02 3.1253e+02 1.0576e-09
2.7133e-02 2.0582e+02 3.1878e+02 9.9598e-10
2.7681e-02 2.0144e+02 3.2511e+02 9.3798e-10
2.8240e-02 1.9711e+02 3.3152e+02 8.8336e-10
2.8810e-02 1.9284e+02 3.3803e+02 8.3191e-10
2.9393e-02 1.8863e+02 3.4464e+02 7.8347e-10
2.9986e-02 1.8452e+02 3.5139e+02 7.3784e-10
3.0592e-02 1.8055e+02 3.5831e+02 6.9487e-10
3.1210e-02 1.7675e+02 3.6547e+02 6.5441e-10
3.1841e-02 1.7318e+02 3.7293e+02 6.1630e-10
3.2484e-02 1.6988e+02 3.8075e+02 5.8041e-10
3.3140e-02 1.6687e+02 3.8901e+02 5.4661e-10
3.3809e-02 1.6419e+02 3.9778e+02 5.1477e-10
3.4492e-02 1.6178e+02 4.0705e+02 4.8480e-10
3.5189e-02 1.5960e+02 4.1677e+02 4.5656e-10
3.5900e-02 1.5757e+02 4.2690e+02 4.2998e-10
3.6625e-02 1.5565e+02 4.3738e+02 4.0494e-10
3.7365e-02 1.5377e+02 4.4815e+02 3.8135e-10
3.8120e-02 1.5188e+02 4.5914e+02 3.5915e-10
3.8890e-02 1.4996e+02 4.7030e+02 3.3823e-10
3.9676e-02 1.4797e+02 4.8160e+02 3.1853e-10
4.0477e-02 1.4591e+02 4.9300e+02 2.9998e-10
4.1295e-02 1.4376e+02 5.0445e+02 2.8251e-10
4.2129e-02 1.4149e+02 5.1591e+02 2.6606e-10
4.2980e-02 1.3911e+02 5.2733e+02 2.5057e-10
4.3848e-02 1.3659e+02 5.3866e+02 2.3598e-10
4.4734e-02 1.3394e+02 5.4989e+02 2.2223e-10
4.5638e-02 1.3118e+02 5.6099e+02 2.0929e-10
4.6560e-02 1.2831e+02 5.7193e+02 1.9710e-10
4.7500e-02 1.2532e+02 5.8269e+02 1.8562e-10
4.8460e-02 1.2224e+02 5.9324e+02 1.7481e-10
4.9439e-02 1.1904e+02 6.0350e+02 1.6463e-10
5.0438e-02 1.1571e+02 6.1335e+02 1.5505e-10
5.1457e-02 1.1222e+02 6.2269e+02 1.4602e-10
5.2496e-02 1.0858e+02 6.3140e+02 1.3751e-10
5.3557e-02 1.0477e+02 6.3938e+02 1.2951e-10
5.4639e-02 1.0086e+02 6.4671e+02 1.2196e-10
5.5742e-02 9.6926e+01 6.5352e+02 1.1486e-10
5.6868e-02 9.3024e+01 6.6000e+02 1.0817e-10
5.8017e-02 8.9215e+01 6.6629e+02 1.0187e-10
5.9189e-02 8.5543e+01 6.7258e+02 9.5940e-11
6.0385e-02 8.2041e+01 6.7900e+02 9.0353e-11
6.1605e-02 7.8735e+01 6.8571e+02 8.5092e-11
6.2849e-02 7.5646e+01 6.9287e+02 8.0136e-11
6.4119e-02 7.2791e+01 7.0065e+02 7.5469e-11
6.5414e-02 7.0180e+01 7.0920e+02 7.1074e-11
6.6736e-02 6.7821e+01 7.1870e+02 6.6935e-11
6.8084e-02 6.5722e+01 7.2933e+02 6.3037e-11
6.9459e-02 6.3878e+01 7.4122e+02 5.9366e-11
7.0862e-02 6.2268e+01 7.5440e+02 5.5909e-11
7.2294e-02 6.0869e+01 7.6891e+02 5.2653e-11
7.3754e-02 5.9663e+01 7.8475e+02 4.9587e-11
7.5244e-02 5.8601e+01 8.0174e+02 4.6699e-11
7.6764e-02 5.7628e+01 8.1960e+02 4.3980e-11
7.8315e-02 5.6690e+01 8.3799e+02 4.1418e-11
7.9897e-02 5.5736e+01 8.5655e+02 3.9006e-11
8.1511e-02 5.4716e+01 8.7488e+02 3.6735e-11
8.3158e-02 5.3586e+01 8.9253e+02 3.4596e-11
8.4838e-02 5.2314e+01 9.0908e+02 3.2581e-11
8.6552e-02 5.0885e+01 9.2425e+02 3.0684e-11
8.8300e-02 4.9291e+01 9.3774e+02 2.8897e-11
9.0084e-02 4.7538e+01 9.4934e+02 2.7214e-11
9.1904e-02 4.5651e+01 9.5902e+02 2.5629e-11
9.3760e-02 4.3656e+01 9.6679e+02 2.4137e-11
9.5654e-02 4.1609e+01 9.7299e+02 2.2731e-11
9.7587e-02 3.9581e+01 9.7826e+02 2.1407e-11
9.9558e-02 3.7632e+01 9.8332e+02 2.0161e-11
1.0157e-01 3.5820e+01 9.8896e+02 1.8987e-11
1.0362e-01 3.4192e+01 9.9606e+02 1.7881e-11
1.0571e-01 3.2769e+01 1.0052e+03 1.6840e-11
1.0785e-01 3.1548e+01 1.0167e+03 1.5859e-11
1.1003e-01 3.0518e+01 1.0309e+03 1.4935e-11
1.1225e-01 2.9656e+01 1.0476e+03 1.4066e-11
1.1452e-01 2.8937e+01 1.0667e+03 1.3246e-11
1.1683e-01 2.8313e+01 1.0878e+03 1.2475e-11
1.1919e-01 2.7732e+01 1.1098e+03 1.1749e-11
1.2160e-01 2.7137e+01 1.1317e+03 1.1064e-11
1.2406e-01 2.6472e+01 1.1522e+03 1.0420e-11
1.2656e-01 2.5707e+01 1.1705e+03 9.8132e-12
1.2912e-01 2.4831e+01 1.1859e+03 9.2417e-12
1.3173e-01 2.3854e+01 1.1982e+03 8.7035e-12
1.3439e-01 2.2798e+01 1.2075e+03 8.1967e-12
1.3710e-01 2.1706e+01 1.2146e+03 7.7193e-12
1.3987e-01 2.0629e+01 1.2207e+03 7.2698e-12
1.4270e-01 1.9622e+01 1.2272e+03 6.8464e-12
1.4558e-01 1.8727e+01 1.2359e+03 6.4477e-12
1.4852e-01 1.7953e+01 1.2475e+03 6.0722e-12
1.5152e-01 1.7297e+01 1.2623e+03 5.7186e-12
1.5458e-01 1.6751e+01 1.2805e+03 5.3856e-12
1.5771e-01 1.6274e+01 1.3012e+03 5.0720e-12
1.6089e-01 1.5828e+01 1.3228e+03 4.7766e-12
1.6414e-01 1.5377e+01 1.3441e+03 4.4984e-12
1.6746e-01 1.4894e+01 1.3636e+03 4.2365e-12
1.7084e-01 1.4357e+01 1.3801e+03 3.9897e-12
1.7429e-01 1.3762e+01 1.3929e+03 3.7574e-12
1.7781e-01 1.3141e+01 1.4032e+03 3.5386e-12
1.8141e-01 1.2529e+01 1.4124e+03 3.3325e-12
1.8507e-01 1.1951e+01 1.4220e+03 3.1384e-12
1.8881e-01 1.1426e+01 1.4333e+03 2.9557e-12
1.9262e-01 1.0968e+01 1.4476e+03 2.7836e-12
1.9652e-01 1.0574e+01 1.4653e+03 2.6214e-12
2.0049e-01 1.0217e+01 1.4848e+03 2.4688e-12
2.0454e-01 9.8737e+00 1.5047e+03 2.3250e-12
2.0867e-01 9.5253e+00 1.5235e+03 2.1896e-12
2.1288e-01 9.1645e+00 1.5405e+03 2.0621e-12
2.1718e-01 8.7857e+00 1.5549e+03 1.9420e-12
2.2157e-01 8.3970e+00 1.5670e+03 1.8289e-12
2.2605e-01 8.0203e+00 1.5788e+03 1.7224e-12
2.3061e-01 7.6741e+00 1.5920e+03 1.6221e-12
2.3527e-01 7.3622e+00 1.6074e+03 1.5276e-12
2.4002e-01 7.0759e+00 1.6245e+03 1.4387e-12
2.4487e-01 6.8069e+00 1.6425e+03 1.3549e-12
2.4982e-01 6.5474e+00 1.6606e+03 1.2760e-12
2.5487e-01 6.2899e+00 1.6779e+03 1.2017e-12
2.6002e-01 6.0285e+00 1.6933e+03 1.1317e-12
2.6527e-01 5.7672e+00 1.7074e+03 1.0658e-12
2.7063e-01 5.5161e+00 1.7213e+03 1.0037e-12
2.7609e-01 5.2829e+00 1.7365e+03 9.4528e-13
2.8167e-01 5.0670e+00 1.7532e+03 8.9023e-13
2.8736e-01 4.8631e+00 1.7705e+03 8.3839e-13
2.9317e-01 4.6667e+00 1.7880e+03 7.8957e-13
2.9909e-01 4.4764e+00 1.8052e+03 7.4359e-13
3.0513e-01 4.2921e+00 1.8222e+03 7.0028e-13
3.1129e-01 4.1140e+00 1.8390e+03 6.5950e-13
3.1758e-01 3.9419e+00 1.8557e+03 6.2109e-13
3.2400e-01 3.7758e+00 1.8723e+03 5.8493e-13
3.3054e-01 3.6156e+00 1.8887e+03 5.5086e-13
3.3722e-01 3.4613e+00 1.9050e+03 5.1878e-13
3.4403e-01 3.3128e+00 1.9212e+03 4.8857e-13
3.5098e-01 3.1700e+00 1.9373e+03 4.6012e-13
3.5807e-01 3.0328e+00 1.9534e+03 4.3332e-13
3.6531e-01 2.9010e+00 1.9695e+03 4.0809e-13
3.7269e-01 2.7746e+00 1.9856e+03 3.8432e-13
3.8022e-01 2.6534e+00 2.0016e+03 3.6194e-13
3.8790e-01 2.5372e+00 2.0178e+03 3.4086e-13
3.9573e-01 2.4260e+00 2.0339e+03 3.2101e-13
4.0373e-01 2.3196e+00 2.0502e+03 3.0232e-13
4.1188e-01 2.2178e+00 2.0666e+03 2.8471e-13
4.2020e-01 2.1204e+00 2.0831e+03 2.6813e-13
4.2869e-01 2.0272e+00 2.0997e+03 2.5252e-13
4.3735e-01 1.9381e+00 2.1164e+03 2.3781e-13
4.4619e-01 1.8528e+00 2.1331e+03 2.2396e-13
4.5520e-01 1.7712e+00 2.1500e+03 2.1092e-13
4.6440e-01 1.6931e+00 2.1670e+03 1.9864e-13
4.7378e-01 1.6183e+00 2.1840e+03 1.8707e-13
4.8335e-01 1.5468e+00 2.2011e+03 1.7618e-13
4.9311e-01 1.4783e+00 2.2182e+03 1.6592e-13
5.0308e-01 1.4128e+00 2.2354e+03 1.5625e-13
5.1324e-01 1.3500e+00 2.2527e+03 1.4715e-13
5.2361e-01 1.2899e+00 2.2699e+03 1.3858e-13
5.3418e-01 1.2324e+00 2.2872e+03 1.3051e-13
5.4498e-01 1.1774e+00 2.3046e+03 1.2291e-13
5.5598e-01 1.1247e+00 2.3219e+03 1.1576e-13
5.6722e-01 1.0742e+00 2.3393e+03 1.0901e-13
5.7867e-01 1.0259e+00 2.3566e+03 1.0267e-13
5.9036e-01 9.7964e-01 2.3740e+03 9.6687e-14
6.0229e-01 9.3538e-01 2.3913e+03 9.1057e-14
6.1446e-01 8.9303e-01 2.4087e+03 8.5754e-14
6.2687e-01 8.5251e-01 2.4261e+03 8.0760e-14
6.3953e-01 8.1375e-01 2.4434e+03 7.6057e-14
6.5245e-01 7.7668e-01 2.4608e+03 7.1628e-14
6.6563e-01 7.4123e-01 2.4782e+03 6.7457e-14
6.7908e-01 7.0733e-01 2.4956e+03 6.3528e-14
6.9280e-01 6.7493e-01 2.5130e+03 5.9829e-14
7.0679e-01 6.4395e-01 2.5304e+03 5.6344e-14
7.2107e-01 6.1435e-01 2.5479e+03 5.3063e-14
7.3564e-01 5.8606e-01 2.5653e+03 4.9973e-14
7.5050e-01 5.5903e-01 2.5828e+03 4.7063e-14
7.6566e-01 5.3321e-01 2.6003e+03 4.4322e-14
7.8113e-01 5.0855e-01 2.6179e+03 4.1741e-14
7.9691e-01 4.8499e-01 2.6354e+03 3.9310e-14
8.1301e-01 4.6249e-01 2.6530e+03 3.7021e-14
8.2943e-01 4.4101e-01 2.6706e+03 3.4865e-14
8.4619e-01 4.2050e-01 2.6883e+03 3.2835e-14
8.6328e-01 4.0091e-01 2.7059e+03 3.0922e-14
8.8072e-01 3.8221e-01 2.7236e+03 2.9122e-14
8.9851e-01 3.6436e-01 2.7413e+03 2.7426e-14
9.1666e-01 3.4732e-01 2.7591e+03 2.5829e-14
9.3518e-01 3.3105e-01 2.7768e+03 2.4324e-14
9.5407e-01 3.1552e-01 2.7946e+03 2.2908e-14
9.7335e-01 3.0070e-01 2.8124e+03 2.1574e-14
9.9301e-01 2.8656e-01 2.8302e+03 2.0318e-14
1.0131e+00 2.7307e-01 2.8481e+03 1.9134e-14
1.0335e+00 2.6019e-01 2.8659e+03 1.8020e-14
1.0544e+00 2.4791e-01 2.8838e+03 1.6971e-14
1.0757e+00 2.3619e-01 2.9017e+03 1.5982e-14
1.0974e+00 2.2500e-01 2.9196e+03 1.5052e-14
1.1196e+00 2.1434e-01 2.9375e+03 1.4175e-14
1.1422e+00 2.0416e-01 2.9554e+03 1.3350e-14
1.1653e+00 1.9446e-01 2.9733e+03 1.2572e-14
1.1888e+00 1.8520e-01 2.9913e+03 1.1840e-14
1.2129e+00 1.7638e-01 3.0092e+03 1.1150e-14
1.2374e+00 1.6796e-01 3.0272e+03 1.0501e-14
1.2624e+00 1.5994e-01 3.0452e+03 9.8896e-15
1.2879e+00 1.5229e-01 3.0632e+03 9.3137e-15
1.3139e+00 1.4500e-01 3.0812e+03 8.7713e-15
1.3404e+00 1.3805e-01 3.0993e+03 8.2605e-15
1.3675e+00 1.3142e-01 3.1173e+03 7.7794e-15
1.3951e+00 1.2510e-01 3.1354e+03 7.3264e-15
1.4233e+00 1.1908e-01 3.1534e+03 6.8997e-15
1.4521e+00 1.1335e-01 3.1715e+03 6.4979e-15
1.4814e+00 1.0788e-01 3.1896e+03 6.1195e-15
1.5113e+00 1.0267e-01 3.2077e+03 5.7631e-15
1.5419e+00 9.7712e-02 3.2258e+03 5.4275e-15
1.5730e+00 9.2985e-02 3.2440e+03 5.1115e-15
1.6048e+00 8.8481e-02 3.2621e+03 4.8138e-15
1.6372e+00 8.4192e-02 3.2803e+03 4.5335e-15
1.6703e+00 8.0105e-02 3.2984e+03 4.2694e-15
1.7040e+00 7.6213e-02 3.3166e+03 4.0208e-15
1.7384e+00 7.2507e-02 3.3348e+03 3.7867e-15
1.7736e+00 6.8977e-02 3.3530e+03 3.5661e-15
1.8094e+00 6.5615e-02 3.3712e+03 3.3585e-15
1.8459e+00 6.2414e-02 3.3894e+03 3.1629e-15
1.8832e+00 5.9366e-02 3.4077e+03 2.9787e-15
1.9213e+00 5.6464e-02 3.4259e+03 2.8052e-15
1.9601e+00 5.3701e-02 3.4442e+03 2.6419e-15
1.9997e+00 5.1071e-02 3.4625e+03 2.4880e-15
2.0401e+00 4.8567e-02 3.4807e+03 2.3431e-15
2.0813e+00 4.6184e-02 3.4990e+03 2.2067e-15
2.1233e+00 4.3915e-02 3.5173e+03 2.0782e-15
2.1662e+00 4.1756e-02 3.5356e+03 1.9571e-15
2.2100e+00 3.9701e-02 3.5540e+03 1.8432e-15
2.2546e+00 3.7746e-02 3.5723e+03 1.7358e-15
2.3002e+00 3.5885e-02 3.5906e+03 1.6347e-15
2.3466e+00 3.4114e-02 3.6090e+03 1.5395e-15
2.3940e+00 3.2429e-02 3.6273e+03 1.4499e-15
2.4424e+00 3.0826e-02 3.6457e+03 1.3654e-15
2.4917e+00 2.9300e-02 3.6641e+03 1.2859e-15
2.5421e+00 2.7849e-02 3.6825e+03 1.2110e-15
2.5934e+00 2.6469e-02 3.7008e+03 1.1405e-15
2.6458e+00 2.5156e-02 3.7192e+03 1.0741e-15
2.6993e+00 2.3907e-02 3.7376e+03 1.0116e-15
2.7538e+00 2.2719e-02 3.7561e+03 9.5264e-16
2.8094e+00 2.1589e-02 3.7745e+03 8.9716e-16
2.8662e+00 2.0514e-02 3.7929e+03 8.4492e-16
2.9241e+00 1.9492e-02 3.8113e+03 7.9571e-16
2.9832e+00 1.8520e-02 3.8298e+03 7.4937e-16
3.0434e+00 1.7596e-02 3.8482e+03 7.0574e-16
3.1049e+00 1.6717e-02 3.8667e+03 6.6464e-16
3.1676e+00 1.5882e-02 3.8852e+03 6.2593e-16
3.2316e+00 1.5088e-02 3.9036e+03 5.8948e-16
3.2969e+00 1.4332e-02 3.9221e+03 5.5515e-16
3.3635e+00 1.3614e-02 3.9406e+03 5.2282e-16
3.4315e+00 1.2932e-02 3.9591e+03 4.9237e-16
3.5008e+00 1.2283e-02 3.9776e+03 4.6370e-16
3.5715e+00 1.1666e-02 3.9961e+03 4.3670e-16
3.6436e+00 1.1080e-02 4.0146e+03 4.1127e-16
3.7173e+00 1.0523e-02 4.0331e+03 3.8731e-16
3.7923e+00 9.9932e-03 4.0517e+03 3.6476e-16
3.8690e+00 9.4899e-03 4.0702e+03 3.4352e-16
3.9471e+00 9.0116e-03 4.0887e+03 3.2351e-16
4.0269e+00 8.5571e-03 4.1073e+03 3.0467e-16
4.1082e+00 8.1252e-03 4.1258e+03 2.8693e-16
4.1912e+00 7.7149e-03 4.1444e+03 2.7022e-16
4.2759e+00 7.3249e-03 4.1629e+03 2.5448e-16
4.3622e+00 6.9545e-03 4.1815e+03 2.3966e-16
4.4504e+00 6.6025e-03 4.2001e+03 2.2571e-16
4.5403e+00 6.2681e-03 4.2186e+03 2.1256e-16
4.6320e+00 5.9504e-03 4.2372e+03 2.0018e-16
4.7256e+00 5.6486e-03 4.2558e+03 1.8853e-16
4.8210e+00 5.3620e-03 4.2744e+03 1.7755e-16
4.9184e+00 5.0897e-03 4.2930e+03 1.6721e-16
5.0178e+00 4.8310e-03 4.3116e+03 1.5747e-16
5.1191e+00 4.5854e-03 4.3302e+03 1.4830e-16
5.2225e+00 4.3520e-03 4.3488e+03 1.3966e-16
5.3280e+00 4.1305e-03 4.3674e+03 1.3153e-16
5.4357e+00 3.9200e-03 4.3860e+03 1.2387e-16
5.5455e+00 3.7202e-03 4.4046e+03 1.1666e-16
5.6575e+00 3.5304e-03 4.4233e+03 1.0986e-16
5.7718e+00 3.3502e-03 4.4419e+03 1.0347e-16
5.8884e+00 3.1791e-03 4.4605e+03 9.7440e-17
6.0074e+00 3.0166e-03 4.4792e+03 9.1766e-17
6.1287e+00 2.8623e-03 4.4978e+03 8.6422e-17
6.2525e+00 2.7159e-03 4.5165e+03 8.1389e-17
6.3788e+00 2.5768e-03 4.5351e+03 7.6649e-17
6.5077e+00 2.4448e-03 4.5538e+03 7.2185e-17
6.6392e+00 2.3195e-03 4.5724e+03 6.7982e-17
6.7733e+00 2.2005e-03 4.5911e+03 6.4023e-17
6.9101e+00 2.0876e-03 4.6097e+03 6.0294e-17
7.0497e+00 1.9804e-03 4.6284e+03 5.6783e-17
7.1921e+00 1.8786e-03 4.6471e+03 5.3476e-17
7.3374e+00 1.7820e-03 4.6657e+03 5.0362e-17
7.4856e+00 1.6903e-03 4.6844e+03 4.7429e-17
7.6368e+00 1.6033e-03 4.7031e+03 4.4667e-17
7.7911e+00 1.5208e-03 4.7218e+03 4.2066e-17
7.9485e+00 1.4424e-03 4.7404e+03 3.9616e-17
8.1091e+00 1.3680e-03 4.7591e+03 3.7309e-17
8.2729e+00 1.2975e-03 4.7778e+03 3.5136e-17
8.4400e+00 1.2305e-03 4.7965e+03 3.3090e-17
8.6105e+00 1.1670e-03 4.8152e+03 3.1163e-17
8.7845e+00 1.1067e-03 4.8339e+03 2.9348e-17
8.9619e+00 1.0495e-03 4.8526e+03 2.7639e-17
9.1430e+00 9.9517e-04 4.8713e+03 2.6030e-17
9.3277e+00 9.4367e-04 4.8900e+03 2.4514e-17
9.5161e+00 8.9481e-04 4.9087e+03 2.3086e-17
9.7083e+00 8.4845e-04 4.9274e+03 2.1742e-17
9.9045e+00 8.0448e-04 4.9461e+03 2.0476e-17
1.0105e+01 7.6276e-04 4.9648e+03 1.9283e-17
1.0309e+01 7.2318e-04 4.9835e+03 1.8160e-17
1.0517e+01 6.8564e-04 5.0022e+03 1.7103e-17
1.0729e+01 6.5003e-04 5.0209e+03 1.6107e-17
1.0946e+01 6.1625e-04 5.0396e+03 1.5169e-17
1.1167e+01 5.8421e-04 5.0583e+03 1.4285e-17
1.1393e+01 5.5382e-04 5.0770e+03 1.3453e-17
1.1623e+01 5.2500e-04 5.0957e+03 1.2670e-17
1.1858e+01 4.9766e-04 5.1144e+03 1.1932e-17
1.2097e+01 4.7174e-04 5.1331e+03 1.1237e-17
1.2342e+01 4.4715e-04 5.1518e+03 1.0583e-17
1.2591e+01 4.2384e-04 5.1705e+03 9.9666e-18
1.2845e+01 4.0173e-04 5.1892e+03 9.3862e-18
1.3105e+01 3.8076e-04 5.2079e+03 8.8396e-18
1.3370e+01 3.6088e-04 5.2266e+03 8.3248e-18
1.3640e+01 3.4202e-04 5.2453e+03 7.8400e-18
1.3915e+01 3.2415e-04 5.2640e+03 7.3834e-18
1.4196e+01 3.0720e-04 5.2827e+03 6.9535e-18
1.4483e+01 2.9113e-04 5.3014e+03 6.5485e-18
1.4776e+01 2.7589e-04 5.3201e+03 6.1672e-18
1.5074e+01 2.6144e-04 5.3388e+03 5.8080e-18
1.5379e+01 2.4775e-04 5.3575e+03 5.4698e-18
1.5689e+01 2.3476e-04 5.3762e+03 5.1512e-18
1.6006e+01 2.2245e-04 5.3949e+03 4.8513e-18
1.6330e+01 2.1078e-04 5.4135e+03 4.5687e-18
1.6660e+01 1.9972e-04 5.4322e+03 4.3027e-18
1.6996e+01 1.8923e-04 5.4509e+03 4.0521e-18
1.7339e+01 1.7929e-04 5.4696e+03 3.8161e-18
1.7690e+01 1.6987e-04 5.4882e+03 3.5939e-18
1.8047e+01 1.6094e-04 5.5069e+03 3.3846e-18
1.8412e+01 1.5247e-04 5.5255e+03 3.1875e-18
1.8784e+01 1.4445e-04 5.5442e+03 3.0019e-18
1.9163e+01 1.3684e-04 5.5628e+03 2.8271e-18
1.9550e+01 1.2963e-04 5.5815e+03 2.6624e-18
1.9945e+01 1.2280e-04 5.6001e+03 2.5074e-18
2.0348e+01 1.1633e-04 5.6187e+03 2.3614e-18
2.0759e+01 1.1019e-04 5.6373e+03 2.2238e-18
2.1178e+01 1.0438e-04 5.6559e+03 2.0943e-18
2.1606e+01 9.8868e-05 5.6745e+03 1.9724e-18
2.2043e+01 9.3647e-05 5.6931e+03 1.8575e-18
2.2488e+01 8.8699e-05 5.7117e+03 1.7493e-18
2.2942e+01 8.4010e-05 5.7303e+03 1.6475e-18
2.3406e+01 7.9568e-05 5.7488e+03 1.5515e-18
2.3879e+01 7.5358e-05 5.7674e+03 1.4612e-18
2.4361e+01 7.1370e-05 5.7859e+03 1.3761e-18
2.4853e+01 6.7591e-05 5.8045e+03 1.2959e-18
2.5355e+01 6.4010e-05 5.8230e+03 1.2205e-18
2.5867e+01 6.0618e-05 5.8415e+03 1.1494e-18
2.6390e+01 5.7404e-05 5.8600e+03 1.0825e-18
2.6923e+01 5.4359e-05 5.8785e+03 1.0194e-18
2.7467e+01 5.1474e-05 5.8970e+03 9.6006e-19
2.8022e+01 4.8741e-05 5.9154e+03 9.0415e-19
2.8588e+01 4.6152e-05 5.9338e+03 8.5149e-19
2.9165e+01 4.3700e-05 5.9523e+03 8.0191e-19
2.9755e+01 4.1377e-05 5.9707e+03 7.5521e-19
3.0356e+01 3.9176e-05 5.9890e+03 7.1123e-19
3.0969e+01 3.7092e-05 6.0074e+03 6.6981e-19
3.1595e+01 3.5117e-05 6.0257e+03 6.3080e-19
3.2233e+01 3.3247e-05 6.0441e+03 5.9407e-19
3.2884e+01 3.1475e-05 6.0624e+03 5.5947e-19
3.3548e+01 2.9798e-05 6.0806e+03 5.2689e-19
3.4226e+01 2.8209e-05 6.0989e+03 4.9621e-19
3.4917e+01 2.6703e-05 6.1171e+03 4.6731e-19
3.5623e+01 2.5278e-05 6.1353e+03 4.4010e-19
3.6342e+01 2.3928e-05 6.1535e+03 4.1447e-19
3.7077e+01 2.2649e-05 6.1716e+03 3.9033e-19
3.7826e+01 2.1439e-05 6.1897e+03 3.6760e-19
3.8590e+01 2.0292e-05 6.2078e+03 3.4619e-19
3.9369e+01 1.9206e-05 6.2259e+03 3.2603e-19
4.0165e+01 1.8178e-05 6.2439e+03 3.0705e-19
4.0976e+01 1.7204e-05 6.2619e+03 2.8916e-19
4.1804e+01 1.6282e-05 6.2798e+03 2.7232e-19
4.2648e+01 1.5409e-05 6.2977e+03 2.5647e-19
4.3510e+01 1.4583e-05 6.3156e+03 2.4153e-19
4.4389e+01 1.3800e-05 6.3334e+03 2.2746e-19
4.5285e+01 1.3059e-05 6.3511e+03 2.1422e-19
4.6200e+01 1.2357e-05 6.3689e+03 2.0174e-19
4.7134e+01 1.1693e-05 6.3865e+03 1.8999e-19
4.8086e+01 1.1064e-05 6.4042e+03 1.7893e-19
4.9057e+01 1.0469e-05 6.4217e+03 1.6851e-19
5.0048e+01 9.9050e-06 6.4393e+03 1.5870e-19
5.1059e+01 9.3713e-06 6.4567e+03 1.4945e-19
5.2091e+01 8.8661e-06 6.4741e+03 1.4075e-19
5.3143e+01 8.3878e-06 6.4915e+03 1.3255e-19
5.4216e+01 7.9351e-06 6.5087e+03 1.2484e-19
5.5312e+01 7.5065e-06 6.5259e+03 1.1757e-19
5.6429e+01 7.1009e-06 6.5431e+03 1.1072e-19
5.7569e+01 6.7169e-06 6.5601e+03 1.0427e-19
5.8732e+01 6.3534e-06 6.5771e+03 9.8199e-20
5.9918e+01 6.0094e-06 6.5940e+03 9.2480e-20
6.1129e+01 5.6838e-06 6.6108e+03 8.7095e-20
6.2364e+01 5.3757e-06 6.6276e+03 8.2023e-20
6.3624e+01 5.0840e-06 6.6442e+03 7.7246e-20
6.4909e+01 4.8080e-06 6.6608e+03 7.2747e-20
6.6220e+01 4.5468e-06 6.6772e+03 6.8511e-20
6.7558e+01 4.2995e-06 6.6936e+03 6.4521e-20
6.8923e+01 4.0656e-06 6.7098e+03 6.0764e-20
7.0315e+01 3.8442e-06 6.7260e+03 5.7225e-20
7.1735e+01 3.6347e-06 6.7420e+03 5.3893e-20
7.3185e+01 3.4364e-06 6.7579e+03 5.0754e-20
7.4663e+01 3.2488e-06 6.7737e+03 4.7798e-20
7.6171e+01 3.0713e-06 6.7893e+03 4.5015e-20
7.7710e+01 2.9034e-06 6.8048e+03 4.2393e-20
7.9280e+01 2.7445e-06 6.8202e+03 3.9925e-20
8.0881e+01 2.5941e-06 6.8354e+03 3.7600e-20
8.2515e+01 2.4519e-06 6.8505e+03 3.5410e-20
8.4182e+01 2.3173e-06 6.8654e+03 3.3348e-20
8.5883e+01 2.1900e-06 6.8802e+03 3.1406e-20
8.7618e+01 2.0696e-06 6.8948e+03 2.9577e-20
8.9388e+01 1.9556e-06 6.9092e+03 2.7855e-20
9.1194e+01 1.8479e-06 6.9235e+03 2.6232e-20
9.3036e+01 1.7459e-06 6.9375e+03 2.4705e-20
9.4915e+01 1.6495e-06 6.9514e+03 2.3266e-20
9.6833e+01 1.5583e-06 6.9650e+03 2.1911e-20
9.8789e+01 1.4721e-06 6.9784e+03 2.0635e-20
1.0078e+02 1.3905e-06 6.9917e+03 1.9433e-20
1.0282e+02 1.3133e-06 7.0046e+03 1.8302e-20
1.0490e+02 1.2403e-06 7.0174e+03 1.7236e-20
1.0702e+02 1.1713e-06 7.0299e+03 1.6232e-20
1.0918e+02 1.1061e-06 7.0421e+03 1.5287e-20
1.1138e+02 1.0444e-06 7.0541e+03 1.4397e-20
1.1363e+02 9.8605e-07 7.0658e+03 1.3558e-20
1.1593e+02 9.3090e-07 7.0773e+03 1.2769e-20
1.1827e+02 8.7875e-07 7.0885e+03 1.2025e-20
1.2066e+02 8.2945e-07 7.0993e+03 1.1325e-20
1.2310e+02 7.8284e-07 7.1099e+03 1.0665e-20
1.2559e+02 7.3879e-07 7.1201e+03 1.0044e-20
1.2812e+02 6.9714e-07 7.1300e+03 9.4592e-21
1.3071e+02 6.5778e-07 7.1396e+03 8.9084e-21
1.3335e+02 6.2058e-07 7.1488e+03 8.3896e-21
1.3604e+02 5.8542e-07 7.1577e+03 7.9010e-21
1.3879e+02 5.5220e-07 7.1662e+03 7.4409e-21
1.4160e+02 5.2080e-07 7.1742e+03 7.0076e-21
1.4446e+02 4.9113e-07 7.1820e+03 6.5995e-21
1.4738e+02 4.6310e-07 7.1892e+03 6.2152e-21
1.5035e+02 4.3661e-07 7.1961e+03 5.8532e-21
1.5339e+02 4.1159e-07 7.2026e+03 5.5124e-21
1.5649e+02 3.8796e-07 7.2086e+03 5.1913e-21
1.5965e+02 3.6564e-07 7.2141e+03 4.8890e-21
1.6288e+02 3.4455e-07 7.2192e+03 4.6043e-21
1.6617e+02 3.2464e-07 7.2238e+03 4.3362e-21
1.6952e+02 3.0584e-07 7.2279e+03 4.0837e-21
1.7295e+02 2.8809e-07 7.2315e+03 3.8459e-21
1.7644e+02 2.7133e-07 7.2347e+03 3.6219e-21
1.8000e+02 2.5551e-07 7.2373e+03 3.4110e-21
1.8364e+02 2.4057e-07 7.2393e+03 3.2123e-21
1.8735e+02 2.2648e-07 7.2409e+03 3.0253e-21
1.9114e+02 2.1318e-07 7.2419e+03 2.8491e-21
1.9500e+02 2.0063e-07 7.2423e+03 2.6832e-21
1.9894e+02 1.8878e-07 7.2422e+03 2.5269e-21
2.0296e+02 1.7761e-07 7.2415e+03 2.3797e-21
2.0705e+02 1.6708e-07 7.2402e+03 2.2412e-21
2.1124e+02 1.5714e-07 7.2383e+03 2.1106e-21
2.1551e+02 1.4777e-07 7.2358e+03 1.9877e-21
2.1986e+02 1.3893e-07 7.2326e+03 1.8720e-21
2.2430e+02 1.3060e-07 7.2289e+03 1.7630e-21
2.2883e+02 1.2275e-07 7.2245e+03 1.6603e-21
2.3345e+02 1.1535e-07 7.2195e+03 1.5636e-21
2.3817e+02 1.0837e-07 7.2139e+03 1.4725e-21
2.4298e+02 1.0180e-07 7.2076e+03 1.3868e-21
2.4789e+02 9.5616e-08 7.2008e+03 1.3060e-21
2.5290e+02 8.9790e-08 7.1933e+03 1.2300e-21
2.5801e+02 8.4304e-08 7.1853e+03 1.1583e-21
2.6322e+02 7.9141e-08 7.1766e+03 1.0909e-21
2.6854e+02 7.4281e-08 7.1674e+03 1.0274e-21
2.7396e+02 6.9709e-08 7.1577e+03 9.6753e-22
2.7950e+02 6.5408e-08 7.1474e+03 9.1119e-22
2.8514e+02 6.1363e-08 7.1365e+03 8.5813e-22
2.9090e+02 5.7559e-08 7.1251e+03 8.0815e-22
2.9678e+02 5.3983e-08 7.1132e+03 7.6109e-22
3.0277e+02 5.0621e-08 7.1007e+03 7.1677e-22
3.0889e+02 4.7461e-08 7.0878e+03 6.7503e-22
3.1513e+02 4.4493e-08 7.0744e+03 6.3571e-22
3.2150e+02 4.1703e-08 7.0605e+03 5.9869e-22
3.2799e+02 3.9084e-08 7.0461e+03 5.6383e-22
3.3462e+02 3.6624e-08 7.0313e+03 5.3099e-22
3.4138e+02 3.4315e-08 7.0161e+03 5.0007e-22
3.4827e+02 3.2148e-08 7.0006e+03 4.7095e-22
3.5531e+02 3.0115e-08 6.9847e+03 4.4352e-22
3.6249e+02 2.8207e-08 6.9685e+03 4.1769e-22
3.6981e+02 2.6418e-08 6.9521e+03 3.9337e-22
3.7728e+02 2.4741e-08 6.9355e+03 3.7046e-22
3.8490e+02 2.3169e-08 6.9186e+03 3.4889e-22
3.9268e+02 2.1695e-08 6.9016e+03 3.2857e-22
4.0061e+02 2.0314e-08 6.8845e+03 3.0944e-22
4.0870e+02 1.9020e-08 6.8672e+03 2.9142e-22
4.1696e+02 1.7808e-08 6.8499e+03 2.7444e-22
4.2538e+02 1.6672e-08 6.8325e+03 2.5846e-22
4.3397e+02 1.5609e-08 6.8151e+03 2.4341e-22
