6.73500000e-07 6.39804318e-02 1.02750074e-06 6.51204427e+04
6.86033950e-07 6.51289489e-02 1.06610050e-06 6.16159743e+04
6.98801158e-07 6.62980830e-02 1.10615032e-06 5.83000996e+04
7.11805967e-07 6.74882042e-02 1.14770468e-06 5.51626692e+04
7.25052797e-07 6.86996893e-02 1.19082010e-06 5.21940802e+04
7.38546153e-07 6.99329219e-02 1.23555522e-06 4.93852463e+04
7.52290622e-07 7.11882922e-02 1.28197088e-06 4.67275704e+04
7.66290879e-07 7.24661976e-02 1.33013023e-06 4.42129177e+04
7.80551682e-07 7.37670428e-02 1.38009876e-06 4.18335916e+04
7.95077882e-07 7.50912395e-02 1.43194444e-06 3.95823093e+04
8.09874417e-07 7.64392069e-02 1.48573779e-06 3.74521802e+04
8.24946317e-07 7.78113716e-02 1.54155198e-06 3.54366844e+04
8.40298709e-07 7.92081681e-02 1.59946291e-06 3.35296528e+04
8.55936811e-07 8.06300385e-02 1.65954936e-06 3.17252485e+04
8.71865940e-07 8.20774329e-02 1.72189306e-06 3.00179485e+04
8.88091514e-07 8.35508096e-02 1.78657881e-06 2.84025272e+04
9.04619048e-07 8.50506348e-02 1.85369458e-06 2.68740401e+04
9.21454162e-07 8.65773834e-02 1.92333166e-06 2.54278087e+04
9.38602581e-07 8.81315387e-02 1.99558477e-06 2.40594066e+04
9.56070135e-07 8.97135926e-02 2.07055219e-06 2.27646453e+04
9.73862763e-07 9.13240460e-02 2.14833588e-06 2.15395618e+04
9.91986515e-07 9.29634086e-02 2.22904164e-06 2.03804064e+04
1.01044755e-06 9.46321995e-02 2.31277925e-06 1.92836312e+04
1.02925215e-06 9.63309469e-02 2.39966259e-06 1.82458791e+04
1.04840671e-06 9.80601884e-02 2.48980985e-06 1.72639738e+04
1.06791774e-06 9.98204716e-02 2.58334364e-06 1.63349099e+04
1.08779187e-06 1.01612354e-01 2.68039118e-06 1.54558438e+04
1.10803586e-06 1.03436402e-01 2.78108447e-06 1.46240848e+04
1.12865660e-06 1.05293193e-01 2.88556046e-06 1.38370870e+04
1.14966109e-06 1.07183316e-01 2.99396127e-06 1.30924417e+04
1.17105648e-06 1.09107369e-01 3.10643432e-06 1.23878696e+04
1.19285004e-06 1.11065960e-01 3.22313261e-06 1.17212141e+04
1.21504918e-06 1.13059710e-01 3.34421487e-06 1.10904349e+04
1.23766145e-06 1.15089249e-01 3.46984577e-06 1.04936011e+04
1.26069454e-06 1.17155221e-01 3.60019620e-06 9.92888608e+03
1.28415628e-06 1.19258279e-01 3.73544346e-06 9.39456128e+03
1.30805465e-06 1.21399089e-01 3.87577150e-06 8.88899127e+03
1.33239777e-06 1.23578329e-01 4.02137119e-06 8.41062860e+03
1.35719392e-06 1.25796688e-01 4.17244057e-06 7.95800910e+03
1.38245153e-06 1.28054869e-01 4.32918511e-06 7.52974741e+03
1.40817918e-06 1.30353587e-01 4.49181802e-06 7.12453269e+03
1.43438564e-06 1.32693569e-01 4.66056050e-06 6.74112468e+03
1.46107980e-06 1.35075555e-01 4.83564206e-06 6.37834984e+03
1.48827074e-06 1.37500301e-01 5.01730085e-06 6.03509779e+03
1.51596772e-06 1.39968574e-01 5.20578394e-06 5.71031791e+03
1.54418013e-06 1.42481154e-01 5.40134771e-06 5.40301612e+03
1.57291759e-06 1.45038838e-01 5.60425814e-06 5.11225183e+03
1.60218985e-06 1.47642434e-01 5.81479123e-06 4.83713508e+03
1.63200688e-06 1.50292768e-01 6.03323334e-06 4.57682378e+03
1.66237880e-06 1.52990678e-01 6.25988158e-06 4.33052118e+03
1.69331595e-06 1.55737018e-01 6.49504423e-06 4.09747340e+03
1.72482885e-06 1.58532657e-01 6.73904115e-06 3.87696713e+03
1.75692821e-06 1.61378481e-01 6.99220420e-06 3.66832745e+03
1.78962494e-06 1.64275390e-01 7.25487773e-06 3.47091574e+03
1.82293017e-06 1.67224302e-01 7.52741902e-06 3.28412779e+03
1.85685521e-06 1.70226149e-01 7.81019876e-06 3.10739186e+03
1.89141160e-06 1.73281883e-01 8.10360158e-06 2.94016700e+03
1.92661109e-06 1.76392469e-01 8.40802655e-06 2.78194138e+03
1.96246565e-06 1.79558894e-01 8.72388773e-06 2.63223071e+03
1.99898747e-06 1.82782160e-01 9.05161475e-06 2.49057674e+03
2.03618897e-06 1.86063286e-01 9.39165336e-06 2.35654590e+03
2.07408279e-06 1.89403311e-01 9.74446608e-06 2.22972796e+03
2.11268183e-06 1.92803294e-01 1.01105328e-05 2.10973474e+03
2.15199920e-06 1.96264309e-01 1.04903513e-05 1.99619899e+03
2.19204827e-06 1.99787452e-01 1.08844384e-05 1.88877318e+03
2.23284266e-06 2.03373840e-01 1.12933300e-05 1.78712851e+03
2.27439624e-06 2.07024607e-01 1.17175823e-05 1.69095387e+03
2.31672314e-06 2.10740908e-01 1.21577722e-05 1.59995488e+03
2.35983775e-06 2.14523921e-01 1.26144987e-05 1.51385302e+03
2.40375473e-06 2.18374842e-01 1.30883827e-05 1.43238474e+03
2.44848902e-06 2.22294891e-01 1.35800691e-05 1.35530070e+03
2.49405582e-06 2.26285309e-01 1.40902263e-05 1.28236495e+03
2.54047062e-06 2.30347359e-01 1.46195485e-05 1.21335425e+03
2.58774921e-06 2.34482326e-01 1.51687555e-05 1.14805737e+03
2.63590766e-06 2.38691520e-01 1.57385944e-05 1.08627445e+03
2.68496235e-06 2.42976273e-01 1.63298401e-05 1.02781640e+03
2.73492996e-06 2.47337941e-01 1.69432970e-05 9.72504274e+02
2.78582747e-06 2.51777906e-01 1.75797993e-05 9.20168781e+02
2.83767219e-06 2.56297572e-01 1.82402129e-05 8.70649732e+02
2.89048176e-06 2.60898371e-01 1.89254360e-05 8.23795559e+02
2.94427411e-06 2.65581758e-01 1.96364006e-05 7.79462853e+02
2.99906756e-06 2.70349216e-01 2.03740737e-05 7.37515918e+02
3.05488071e-06 2.75202255e-01 2.11394587e-05 6.97826366e+02
3.11173256e-06 2.80142410e-01 2.19335966e-05 6.60272714e+02
3.16964244e-06 2.85171246e-01 2.27575675e-05 6.24740019e+02
3.22863002e-06 2.90290355e-01 2.36124923e-05 5.91119522e+02
3.28871538e-06 2.95501356e-01 2.44995336e-05 5.59308318e+02
3.34991893e-06 3.00805900e-01 2.54198981e-05 5.29209040e+02
3.41226149e-06 3.06205665e-01 2.63748376e-05 5.00729560e+02
3.47576426e-06 3.11702361e-01 2.73656508e-05 4.73782708e+02
3.54044882e-06 3.17297728e-01 2.83936856e-05 4.48286006e+02
3.60633718e-06 3.22993537e-01 2.94603401e-05 4.24161414e+02
3.67345172e-06 3.28791591e-01 3.05670653e-05 4.01335091e+02
3.74181529e-06 3.34693725e-01 3.17153663e-05 3.79737171e+02
3.81145110e-06 3.40701809e-01 3.29068050e-05 3.59301546e+02
3.88238286e-06 3.46817743e-01 3.41430021e-05 3.39965669e+02
3.95463466e-06 3.53043464e-01 3.54256389e-05 3.21670355e+02
4.02823109e-06 3.59380943e-01 3.67564600e-05 3.04359607e+02
4.10319715e-06 3.65832185e-01 3.81372755e-05 2.87980439e+02
4.17955835e-06 3.72399233e-01 3.95699635e-05 2.72482720e+02
4.25734064e-06 3.79084166e-01 4.10564728e-05 2.57819013e+02
4.33657048e-06 3.85889099e-01 4.25988251e-05 2.43944437e+02
4.41727479e-06 3.92816187e-01 4.41991184e-05 2.30816523e+02
4.49948103e-06 3.99867623e-01 4.58595292e-05 2.18395090e+02
4.58321713e-06 4.07045639e-01 4.75823160e-05 2.06642119e+02
4.66851159e-06 4.14352507e-01 4.93698221e-05 1.95521636e+02
4.75539338e-06 4.21790540e-01 5.12244786e-05 1.84999604e+02
4.84389206e-06 4.29362093e-01 5.31488083e-05 1.75043817e+02
4.93403772e-06 4.37069561e-01 5.51454284e-05 1.65623802e+02
5.02586100e-06 4.44915386e-01 5.72170548e-05 1.56710727e+02
5.11939313e-06 4.52902051e-01 5.93665051e-05 1.48277311e+02
5.21466590e-06 4.61032084e-01 6.15967030e-05 1.40297741e+02
5.31171172e-06 4.69308059e-01 6.39106817e-05 1.32747593e+02
5.41056358e-06 4.77732594e-01 6.63115888e-05 1.25603757e+02
5.51125509e-06 4.86308358e-01 6.88026897e-05 1.18844368e+02
5.61382049e-06 4.95038065e-01 7.13873728e-05 1.12448737e+02
5.71829464e-06 5.03924478e-01 7.40691536e-05 1.06397288e+02
5.82471308e-06 5.12970410e-01 7.68516798e-05 1.00671499e+02
5.93311198e-06 5.22178725e-01 7.97387359e-05 9.52538437e+01
6.04352820e-06 5.31552338e-01 8.27342489e-05 9.01277409e+01
6.15599929e-06 5.41094216e-01 8.58422931e-05 8.52775003e+01
6.27056348e-06 5.50807379e-01 8.90670959e-05 8.06882762e+01
6.38725974e-06 5.60694902e-01 9.24130435e-05 7.63460221e+01
6.50612773e-06 5.70759915e-01 9.58846870e-05 7.22374471e+01
6.62720787e-06 5.81005604e-01 9.94867482e-05 6.83499759e+01
6.75054134e-06 5.91435213e-01 1.03224127e-04 6.46717096e+01
6.87617006e-06 6.02052042e-01 1.07101905e-04 6.11913898e+01
7.00413676e-06 6.12859454e-01 1.11125359e-04 5.78983641e+01
7.13448493e-06 6.23860868e-01 1.15299960e-04 5.47825532e+01
7.26725891e-06 6.35059767e-01 1.19631387e-04 5.18344202e+01
7.40250384e-06 6.46459697e-01 1.24125530e-04 4.90449416e+01
7.54026569e-06 6.58064266e-01 1.28788504e-04 4.64055792e+01
7.68059132e-06 6.69877147e-01 1.33626649e-04 4.39082546e+01
7.82352843e-06 6.81902080e-01 1.38646546e-04 4.15453239e+01
7.96912563e-06 6.94142872e-01 1.43855024e-04 3.93095548e+01
8.11743241e-06 7.06603396e-01 1.49259167e-04 3.71941040e+01
8.26849921e-06 7.19287599e-01 1.54866325e-04 3.51924966e+01
8.42237739e-06 7.32199494e-01 1.60684124e-04 3.32986060e+01
8.57911926e-06 7.45343169e-01 1.66720479e-04 3.15066355e+01
8.73877813e-06 7.58722784e-01 1.72983598e-04 2.98111003e+01
8.90140828e-06 7.72342576e-01 1.79482002e-04 2.82068105e+01
9.06706500e-06 7.86206855e-01 1.86224528e-04 2.66888559e+01
9.23580462e-06 8.00320008e-01 1.93220347e-04 2.52525903e+01
9.40768452e-06 8.14686504e-01 2.00478976e-04 2.38936176e+01
9.58276313e-06 8.29310889e-01 2.08010285e-04 2.26077783e+01
9.76109998e-06 8.44197792e-01 2.15824521e-04 2.13911366e+01
9.94275571e-06 8.59351926e-01 2.23932309e-04 2.02399687e+01
1.01277921e-05 8.74778085e-01 2.32344679e-04 1.91507511e+01
1.03162720e-05 8.90481154e-01 2.41073072e-04 1.81201500e+01
1.05082596e-05 9.06466101e-01 2.50129360e-04 1.71450109e+01
1.07038201e-05 9.22737987e-01 2.59525861e-04 1.62223490e+01
1.09030200e-05 9.39301961e-01 2.69275356e-04 1.53493404e+01
1.11059271e-05 9.56163265e-01 2.79391104e-04 1.45233129e+01
1.13126103e-05 9.73327237e-01 2.89886865e-04 1.37417382e+01
1.15231399e-05 9.90799308e-01 3.00776914e-04 1.30022240e+01
1.17375875e-05 1.00858501e+00 3.12076063e-04 1.23025070e+01
1.19560260e-05 1.02668997e+00 3.23799681e-04 1.16404454e+01
1.21785296e-05 1.04511992e+00 3.35963712e-04 1.10140127e+01
1.24051741e-05 1.06388068e+00 3.48584702e-04 1.04212916e+01
1.26360365e-05 1.08297821e+00 3.61679817e-04 9.86046792e+00
1.28711953e-05 1.10241854e+00 3.75266867e-04 9.32982506e+00
1.31107305e-05 1.12220783e+00 3.89364333e-04 8.82773884e+00
1.33547234e-05 1.14235233e+00 4.03991389e-04 8.35267248e+00
1.36032571e-05 1.16285843e+00 4.19167929e-04 7.90317191e+00
1.38564160e-05 1.18373261e+00 4.34914595e-04 7.47786128e+00
1.41142863e-05 1.20498147e+00 4.51252805e-04 7.07543883e+00
1.43769555e-05 1.22661176e+00 4.68204781e-04 6.69467281e+00
1.46445131e-05 1.24863030e+00 4.85793578e-04 6.33439778e+00
1.49170500e-05 1.27104407e+00 5.04043120e-04 5.99351102e+00
1.51946588e-05 1.29386015e+00 5.22978228e-04 5.67096915e+00
1.54774340e-05 1.31708578e+00 5.42624656e-04 5.36578492e+00
1.57654717e-05 1.34072830e+00 5.63009125e-04 5.07702423e+00
1.60588698e-05 1.36479519e+00 5.84159360e-04 4.80380326e+00
1.63577281e-05 1.38929407e+00 6.06104128e-04 4.54528572e+00
1.66621482e-05 1.41423269e+00 6.28873275e-04 4.30068035e+00
1.69722336e-05 1.43961895e+00 6.52497771e-04 4.06923846e+00
1.72880898e-05 1.46546087e+00 6.77009746e-04 3.85025166e+00
1.76098241e-05 1.49176663e+00 7.02442539e-04 3.64304967e+00
1.79375459e-05 1.51854456e+00 7.28830742e-04 3.44699829e+00
1.82713667e-05 1.54580313e+00 7.56210245e-04 3.26149746e+00
1.86113999e-05 1.57355096e+00 7.84618285e-04 3.08597938e+00
1.89577612e-05 1.60179684e+00 8.14093500e-04 2.91990684e+00
1.93105684e-05 1.63054970e+00 8.44675978e-04 2.76277153e+00
1.96699414e-05 1.65981863e+00 8.76407315e-04 2.61409248e+00
2.00360023e-05 1.68961291e+00 9.09330666e-04 2.47341462e+00
2.04088757e-05 1.71994194e+00 9.43490810e-04 2.34030737e+00
2.07886884e-05 1.75081534e+00 9.78934207e-04 2.21436331e+00
2.11755694e-05 1.78224285e+00 1.01570906e-03 2.09519694e+00
2.15696504e-05 1.81423444e+00 1.05386539e-03 1.98244354e+00
2.19710652e-05 1.84680022e+00 1.09345509e-03 1.87575799e+00
2.23799505e-05 1.87995048e+00 1.13453200e-03 1.77481373e+00
2.27964452e-05 1.91369573e+00 1.17715199e-03 1.67930181e+00
2.32206909e-05 1.94804662e+00 1.22137302e-03 1.58892988e+00
2.36528319e-05 1.98301404e+00 1.26725524e-03 1.50342133e+00
2.40930151e-05 2.01860903e+00 1.31486105e-03 1.42251444e+00
2.45413903e-05 2.05484287e+00 1.36425519e-03 1.34596157e+00
2.49981097e-05 2.09172700e+00 1.41550485e-03 1.27352840e+00
2.54633288e-05 2.12927311e+00 1.46867971e-03 1.20499324e+00
2.59372057e-05 2.16749305e+00 1.52385211e-03 1.14014631e+00
2.64199015e-05 2.20639894e+00 1.58109708e-03 1.07878913e+00
2.69115803e-05 2.24600305e+00 1.64049247e-03 1.02073390e+00
2.74124094e-05 2.28631793e+00 1.70211905e-03 9.65802923e-01
2.79225590e-05 2.32735632e+00 1.76606065e-03 9.13828065e-01
2.84422026e-05 2.36913119e+00 1.83240421e-03 8.64650242e-01
2.89715168e-05 2.41165576e+00 1.90123998e-03 8.18118934e-01
2.95106817e-05 2.45494346e+00 1.97266155e-03 7.74091715e-01
3.00598805e-05 2.49900798e+00 2.04676606e-03 7.32433830e-01
3.06193000e-05 2.54386326e+00 2.12365429e-03 6.93017771e-01
3.11891304e-05 2.58952348e+00 2.20343080e-03 6.55722895e-01
3.17695654e-05 2.63600307e+00 2.28620409e-03 6.20435049e-01
3.23608024e-05 2.68331672e+00 2.37208672e-03 5.87046225e-01
3.29630425e-05 2.73147938e+00 2.46119549e-03 5.55454226e-01
3.35764903e-05 2.78050630e+00 2.55365158e-03 5.25562357e-01
3.42013545e-05 2.83041295e+00 2.64958071e-03 4.97279124e-01
3.48378475e-05 2.88121512e+00 2.74911335e-03 4.70517958e-01
3.54861858e-05 2.93292885e+00 2.85238485e-03 4.45196949e-01
3.61465897e-05 2.98557051e+00 2.95953565e-03 4.21238595e-01
3.68192839e-05 3.03915670e+00 3.07071146e-03 3.98569564e-01
3.75044971e-05 3.09370437e+00 3.18606345e-03 3.77120471e-01
3.82024621e-05 3.14923075e+00 3.30574850e-03 3.56825664e-01
3.89134164e-05 3.20575338e+00 3.42992935e-03 3.37623027e-01
3.96376017e-05 3.26329010e+00 3.55877486e-03 3.19453783e-01
4.03752643e-05 3.32185911e+00 3.69246026e-03 3.02262320e-01
4.11266548e-05 3.38147889e+00 3.83116730e-03 2.85996018e-01
4.18920288e-05 3.44216827e+00 3.97508463e-03 2.70605091e-01
4.26716466e-05 3.50394643e+00 4.12440791e-03 2.56042429e-01
4.34657732e-05 3.56683286e+00 4.27934022e-03 2.42263460e-01
4.42746787e-05 3.63084744e+00 4.44009220e-03 2.29226008e-01
4.50986380e-05 3.69601037e+00 4.60688245e-03 2.16890169e-01
4.59379313e-05 3.76234221e+00 4.77993775e-03 2.05218185e-01
4.67928440e-05 3.82986391e+00 4.95949340e-03 1.94174332e-01
4.76636668e-05 3.89859676e+00 5.14579353e-03 1.83724805e-01
4.85506958e-05 3.96856246e+00 5.33909146e-03 1.73837621e-01
4.94542325e-05 4.03978308e+00 5.53965000e-03 1.64482518e-01
5.03745841e-05 4.11228109e+00 5.74774182e-03 1.55630862e-01
5.13120637e-05 4.18607937e+00 5.96364987e-03 1.47255559e-01
5.22669900e-05 4.26120119e+00 6.18766767e-03 1.39330975e-01
5.32396875e-05 4.33767024e+00 6.42009981e-03 1.31832853e-01
5.42304872e-05 4.41551065e+00 6.66126229e-03 1.24738244e-01
5.52397258e-05 4.49474694e+00 6.91148296e-03 1.18025433e-01
5.62677465e-05 4.57540410e+00 7.17110199e-03 1.11673873e-01
5.73148988e-05 4.65750753e+00 7.44047234e-03 1.05664123e-01
5.83815388e-05 4.74108311e+00 7.71996019e-03 9.99777896e-02
5.94680292e-05 4.82615718e+00 8.00994548e-03 9.45974668e-02
6.05747393e-05 4.91275654e+00 8.31082241e-03 8.95066870e-02
6.17020455e-05 5.00090846e+00 8.62300000e-03 8.46898685e-02
6.28503311e-05 5.09064070e+00 8.94690260e-03 8.01322679e-02
6.40199865e-05 5.18198153e+00 9.28297048e-03 7.58199355e-02
6.52114093e-05 5.27495968e+00 9.63166045e-03 7.17396720e-02
6.64250047e-05 5.36960441e+00 9.99344646e-03 6.78789886e-02
6.76611854e-05 5.46594550e+00 1.03688202e-02 6.42260685e-02
6.89203716e-05 5.56401326e+00 1.07582920e-02 6.07697311e-02
7.02029914e-05 5.66383853e+00 1.11623911e-02 5.74993970e-02
7.15094810e-05 5.76545269e+00 1.15816667e-02 5.44050566e-02
7.28402846e-05 5.86888771e+00 1.20166886e-02 5.14772387e-02
7.41958547e-05 5.97417608e+00 1.24680481e-02 4.87069818e-02
7.55766522e-05 6.08135086e+00 1.29363585e-02 4.60858067e-02
7.69831465e-05 6.19044572e+00 1.34222562e-02 4.36056907e-02
7.84158160e-05 6.30149492e+00 1.39264015e-02 4.12590426e-02
7.98751477e-05 6.41453331e+00 1.44494795e-02 3.90386798e-02
8.13616378e-05 6.52959637e+00 1.49922008e-02 3.69378062e-02
8.28757917e-05 6.64672021e+00 1.55553029e-02 3.49499915e-02
8.44181243e-05 6.76594153e+00 1.61395510e-02 3.30691514e-02
8.59891599e-05 6.88729772e+00 1.67457386e-02 3.12895290e-02
8.75894328e-05 7.01082680e+00 1.73746895e-02 2.96056774e-02
8.92194871e-05 7.13656746e+00 1.80272579e-02 2.80124425e-02
9.08798769e-05 7.26455909e+00 1.87043305e-02 2.65049479e-02
9.25711669e-05 7.39484176e+00 1.94068269e-02 2.50785793e-02
9.42939321e-05 7.52745622e+00 2.01357014e-02 2.37289710e-02
9.60487582e-05 7.66244393e+00 2.08919438e-02 2.24519922e-02
9.78362419e-05 7.79984709e+00 2.16765815e-02 2.12437342e-02
9.96569910e-05 7.93970864e+00 2.24906798e-02 2.01004988e-02
1.01511625e-04 8.08207227e+00 2.33353446e-02 1.90187868e-02
1.03400773e-04 8.22698243e+00 2.42117226e-02 1.79952874e-02
1.05325079e-04 8.37448429e+00 2.51210041e-02 1.70268677e-02
1.07285197e-04 8.52462387e+00 2.60644235e-02 1.61105638e-02
1.09281793e-04 8.67744795e+00 2.70432617e-02 1.52435709e-02
1.11315545e-04 8.83300414e+00 2.80588478e-02 1.44232353e-02
1.13387147e-04 8.99134088e+00 2.91125602e-02 1.36470463e-02
1.15497301e-04 9.15250741e+00 3.02058294e-02 1.29126281e-02
1.17646725e-04 9.31655383e+00 3.13401393e-02 1.22177327e-02
1.19836151e-04 9.48353112e+00 3.25170293e-02 1.15602332e-02
1.22066322e-04 9.65349112e+00 3.37380967e-02 1.09381171e-02
1.24337997e-04 9.82648659e+00 3.50049985e-02 1.03494804e-02
1.26651948e-04 1.00025711e+01 3.63194537e-02 9.79252123e-03
1.29008962e-04 1.01817993e+01 3.76832457e-02 9.26553493e-03
1.31409841e-04 1.03642266e+01 3.90982248e-02 8.76690849e-03
1.33855401e-04 1.05499095e+01 4.05663103e-02 8.29511573e-03
1.36346472e-04 1.07389053e+01 4.20894936e-02 7.84871258e-03
1.38883903e-04 1.09312724e+01 4.36698405e-02 7.42633270e-03
1.41468557e-04 1.11270702e+01 4.53094941e-02 7.02668326e-03
1.44101310e-04 1.13263590e+01 4.70106778e-02 6.64854103e-03
1.46783060e-04 1.15292002e+01 4.87756982e-02 6.29074860e-03
1.49514718e-04 1.17356562e+01 5.06069479e-02 5.95221083e-03
1.52297212e-04 1.19457904e+01 5.25069092e-02 5.63189153e-03
1.55131490e-04 1.21596674e+01 5.44781573e-02 5.32881027e-03
1.58018513e-04 1.23773527e+01 5.65233636e-02 5.04203938e-03
1.60959264e-04 1.25989131e+01 5.86452994e-02 4.77070112e-03
1.63954744e-04 1.28244164e+01 6.08468393e-02 4.51396498e-03
1.67005969e-04 1.30539313e+01 6.31309658e-02 4.27104514e-03
1.70113979e-04 1.32875281e+01 6.55007726e-02 4.04119807e-03
1.73279829e-04 1.35252779e+01 6.79594689e-02 3.82372027e-03
1.76504596e-04 1.37672532e+01 7.05103838e-02 3.61794607e-03
1.79789377e-04 1.40135274e+01 7.31569709e-02 3.42324565e-03
1.83135287e-04 1.42641753e+01 7.59028125e-02 3.23902307e-03
1.86543466e-04 1.45192730e+01 7.87516249e-02 3.06471446e-03
1.90015072e-04 1.47788977e+01 8.17072627e-02 2.89978630e-03
1.93551285e-04 1.50431278e+01 8.47737247e-02 2.74373377e-03
1.97153307e-04 1.53120432e+01 8.79551588e-02 2.59607924e-03
2.00822364e-04 1.55857247e+01 9.12558674e-02 2.45637077e-03
2.04559702e-04 1.58642547e+01 9.46803134e-02 2.32418074e-03
2.08366593e-04 1.61477169e+01 9.82331262e-02 2.19910453e-03
2.12244331e-04 1.64361962e+01 1.01919108e-01 2.08075932e-03
2.16194234e-04 1.67297789e+01 1.05743239e-01 1.96878288e-03
2.20217645e-04 1.70285527e+01 1.09710685e-01 1.86283248e-03
2.24315933e-04 1.73326065e+01 1.13826807e-01 1.76258381e-03
2.28490491e-04 1.76420310e+01 1.18097160e-01 1.66773005e-03
2.32742738e-04 1.79569178e+01 1.22527512e-01 1.57798085e-03
2.37074120e-04 1.82773602e+01 1.27123841e-01 1.49306153e-03
2.41486109e-04 1.86034530e+01 1.31892349e-01 1.41271215e-03
2.45980207e-04 1.89352922e+01 1.36839469e-01 1.33668679e-03
2.50557940e-04 1.92729755e+01 1.41971873e-01 1.26475275e-03
2.55220866e-04 1.96166020e+01 1.47296481e-01 1.19668985e-03
2.59970570e-04 1.99662723e+01 1.52820469e-01 1.13228977e-03
2.64808667e-04 2.03220884e+01 1.58551281e-01 1.07135539e-03
2.69736801e-04 2.06841540e+01 1.64496636e-01 1.01370021e-03
2.74756649e-04 2.10525743e+01 1.70664540e-01 9.59147751e-04
2.79869917e-04 2.14274560e+01 1.77063298e-01 9.07531041e-04
2.85078344e-04 2.18089074e+01 1.83701520e-01 8.58692094e-04
2.90383700e-04 2.21970382e+01 1.90588136e-01 8.12481424e-04
2.95787790e-04 2.25919601e+01 1.97732409e-01 7.68757590e-04
3.01292451e-04 2.29937861e+01 2.05143942e-01 7.27386761e-04
3.06899555e-04 2.34026309e+01 2.12832696e-01 6.88242311e-04
3.12611008e-04 2.38186107e+01 2.20809000e-01 6.51204427e-04
3.18428752e-04 2.42418436e+01 2.29083565e-01 6.16159743e-04
3.24354765e-04 2.46724492e+01 2.37667498e-01 5.83000996e-04
3.30391063e-04 2.51105487e+01 2.46572318e-01 5.51626692e-04
3.36539697e-04 2.55562651e+01 2.55809967e-01 5.21940802e-04
3.42802758e-04 2.60097232e+01 2.65392831e-01 4.93852463e-04
3.49182375e-04 2.64710492e+01 2.75333751e-01 4.67275704e-04
3.55680719e-04 2.69403712e+01 2.85646044e-01 4.42129177e-04
3.62299997e-04 2.74178191e+01 2.96343518e-01 4.18335916e-04
3.69042462e-04 2.79035242e+01 3.07440488e-01 3.95823093e-04
3.75910405e-04 2.83976198e+01 3.18951798e-01 3.74521802e-04
3.82906161e-04 2.89002410e+01 3.30892839e-01 3.54366844e-04
3.90032110e-04 2.94115245e+01 3.43279570e-01 3.35296528e-04
3.97290674e-04 2.99316086e+01 3.56128533e-01 3.17252485e-04
4.04684321e-04 3.04606338e+01 3.69456883e-01 3.00179485e-04
4.12215565e-04 3.09987420e+01 3.83282403e-01 2.84025272e-04
4.19886967e-04 3.15460769e+01 3.97623531e-01 2.68740401e-04
4.27701135e-04 3.21027841e+01 4.12499381e-01 2.54278087e-04
4.35660726e-04 3.26690109e+01 4.27929767e-01 2.40594066e-04
4.43768446e-04 3.32449064e+01 4.43935233e-01 2.27646453e-04
4.52027053e-04 3.38306215e+01 4.60537074e-01 2.15395618e-04
4.60439353e-04 3.44263087e+01 4.77757366e-01 2.03804064e-04
4.69008208e-04 3.50321224e+01 4.95618991e-01 1.92836312e-04
4.77736530e-04 3.56482188e+01 5.14145673e-01 1.82458791e-04
4.86627288e-04 3.62747557e+01 5.33361997e-01 1.72639738e-04
4.95683505e-04 3.69118927e+01 5.53293451e-01 1.63349099e-04
5.04908259e-04 3.75597912e+01 5.73966453e-01 1.54558438e-04
5.14304688e-04 3.82186143e+01 5.95408384e-01 1.46240848e-04
5.23875986e-04 3.88885265e+01 6.17647622e-01 1.38370870e-04
5.33625407e-04 3.95696944e+01 6.40713583e-01 1.30924417e-04
5.43556267e-04 4.02622862e+01 6.64636750e-01 1.23878696e-04
5.53671941e-04 4.09664714e+01 6.89448715e-01 1.17212141e-04
5.63975870e-04 4.16824212e+01 7.15182220e-01 1.10904349e-04
5.74471557e-04 4.24103087e+01 7.41871197e-01 1.04936011e-04
5.85162570e-04 4.31503084e+01 7.69550806e-01 9.92888608e-05
5.96052545e-04 4.39025959e+01 7.98257483e-01 9.39456128e-05
6.07145185e-04 4.46673487e+01 8.28028982e-01 8.88899127e-05
6.18444260e-04 4.54447459e+01 8.58904430e-01 8.41062860e-05
6.29953613e-04 4.62349673e+01 8.90924358e-01 7.95800910e-05
6.41677157e-04 4.70381944e+01 9.24130767e-01 7.52974741e-05
6.53618878e-04 4.78546102e+01 9.58567173e-01 7.12453269e-05
6.65782836e-04 4.86843987e+01 9.94278660e-01 6.74112468e-05
6.78173168e-04 4.95277447e+01 1.03131193e+00 6.37834984e-05
6.90794086e-04 5.03848342e+01 1.06971537e+00 6.03509779e-05
7.03649882e-04 5.12558548e+01 1.10953910e+00 5.71031791e-05
7.16744926e-04 5.21409946e+01 1.15083505e+00 5.40301612e-05
7.30083671e-04 5.30404427e+01 1.19365699e+00 5.11225183e-05
7.43670652e-04 5.39543896e+01 1.23806065e+00 4.83713508e-05
7.57510490e-04 5.48830256e+01 1.28410372e+00 4.57682378e-05
7.71607889e-04 5.58265403e+01 1.33184594e+00 4.33052118e-05
7.85967643e-04 5.67851239e+01 1.38134918e+00 4.09747340e-05
8.00594634e-04 5.77589677e+01 1.43267753e+00 3.87696713e-05
8.15493837e-04 5.87482672e+01 1.48589740e+00 3.66832745e-05
8.30670316e-04 5.97532201e+01 1.54107758e+00 3.47091574e-05
8.46129232e-04 6.07740251e+01 1.59828932e+00 3.28412779e-05
8.61875841e-04 6.18108715e+01 1.65760628e+00 3.10739186e-05
8.77915497e-04 6.28639313e+01 1.71910447e+00 2.94016700e-05
8.94253654e-04 6.39333739e+01 1.78286256e+00 2.78194138e-05
9.10895866e-04 6.50193729e+01 1.84896204e+00 2.63223071e-05
9.27847793e-04 6.61221276e+01 1.91748762e+00 2.49057674e-05
9.45115199e-04 6.72418471e+01 1.98852717e+00 2.35654590e-05
9.62703953e-04 6.83787410e+01 2.06217166e+00 2.22972796e-05
9.80620038e-04 6.95330062e+01 2.13851509e+00 2.10973474e-05
9.98869543e-04 7.07048285e+01 2.21765460e+00 1.99619899e-05
1.01745868e-03 7.18943931e+01 2.29969072e+00 1.88877318e-05
1.03639375e-03 7.31018844e+01 2.38472750e+00 1.78712851e-05
1.05568122e-03 7.43274859e+01 2.47287263e+00 1.69095387e-05
1.07532763e-03 7.55713804e+01 2.56423756e+00 1.59995488e-05
1.09533966e-03 7.68337489e+01 2.65893759e+00 1.51385302e-05
1.11572411e-03 7.81147684e+01 2.75709201e+00 1.43238474e-05
1.13648793e-03 7.94146143e+01 2.85882422e+00 1.35530070e-05
1.15763816e-03 8.07334599e+01 2.96426190e+00 1.28236495e-05
1.17918201e-03 8.20714744e+01 3.07353710e+00 1.21335425e-05
1.20112678e-03 8.34288247e+01 3.18678642e+00 1.14805737e-05
1.22347996e-03 8.48056751e+01 3.30415114e+00 1.08627445e-05
1.24624913e-03 8.62021848e+01 3.42577737e+00 1.02781640e-05
1.26944204e-03 8.76185100e+01 3.55181620e+00 9.72504274e-06
1.29306657e-03 8.90548034e+01 3.68242389e+00 9.20168781e-06
1.31713076e-03 9.05112119e+01 3.81776197e+00 8.70649732e-06
1.34164278e-03 9.19878791e+01 3.95799748e+00 8.23795559e-06
1.36661099e-03 9.34849433e+01 4.10330309e+00 7.79462853e-06
1.39204385e-03 9.50025372e+01 4.25385730e+00 7.37515918e-06
1.41795002e-03 9.65407886e+01 4.40984464e+00 6.97826366e-06
1.44433831e-03 9.80998197e+01 4.57145580e+00 6.60272714e-06
1.47121769e-03 9.96797458e+01 4.73888788e+00 6.24740019e-06
1.49859731e-03 1.01280677e+02 4.91234458e+00 5.91119522e-06
1.52648646e-03 1.02902716e+02 5.09203637e+00 5.59308318e-06
1.55489463e-03 1.04545959e+02 5.27818072e+00 5.29209040e-06
1.58383148e-03 1.06210495e+02 5.47100234e+00 5.00729560e-06
1.61330686e-03 1.07896404e+02 5.67073328e+00 4.73782708e-06
1.64333077e-03 1.09603758e+02 5.87761332e+00 4.48286006e-06
1.67391344e-03 1.11332621e+02 6.09189006e+00 4.24161414e-06
1.70506525e-03 1.13083048e+02 6.31381927e+00 4.01335091e-06
1.73679680e-03 1.14855087e+02 6.54366507e+00 3.79737171e-06
1.76911889e-03 1.16648771e+02 6.78170013e+00 3.59301546e-06
1.80204249e-03 1.18464128e+02 7.02820600e+00 3.39965669e-06
1.83557881e-03 1.20301172e+02 7.28347331e+00 3.21670355e-06
1.86973924e-03 1.22159908e+02 7.54780210e+00 3.04359607e-06
1.90453541e-03 1.24040329e+02 7.82150205e+00 2.87980439e-06
1.93997914e-03 1.25942418e+02 8.10489278e+00 2.72482720e-06
1.97608248e-03 1.27866142e+02 8.39830406e+00 2.57819013e-06
2.01285771e-03 1.29811454e+02 8.70207604e+00 2.43944437e-06
2.05031733e-03 1.31778296e+02 9.01655969e+00 2.30816523e-06
2.08847409e-03 1.33766597e+02 9.34211720e+00 2.18395090e-06
2.12734095e-03 1.35776276e+02 9.67912214e+00 2.06642119e-06
2.16693112e-03 1.37807227e+02 1.00279596e+01 1.95521636e-06
2.20725808e-03 1.39859334e+02 1.03890266e+01 1.84999604e-06
2.24833553e-03 1.41932462e+02 1.07627326e+01 1.75043817e-06
2.29017744e-03 1.44026463e+02 1.11494997e+01 1.65623802e-06
2.33279803e-03 1.46141168e+02 1.15497630e+01 1.56710727e-06
2.37621180e-03 1.48276393e+02 1.19639708e+01 1.48277311e-06
2.42043350e-03 1.50431934e+02 1.23925852e+01 1.40297741e-06
2.46547818e-03 1.52607569e+02 1.28360820e+01 1.32747593e-06
2.51136115e-03 1.54803052e+02 1.32949515e+01 1.25603757e-06
2.55809801e-03 1.57018125e+02 1.37696989e+01 1.18844368e-06
2.60570465e-03 1.59252513e+02 1.42608447e+01 1.12448737e-06
2.65419725e-03 1.61505911e+02 1.47689243e+01 1.06397288e-06
2.70359232e-03 1.63777987e+02 1.52944890e+01 1.00671499e-06
2.75390663e-03 1.66068388e+02 1.58381060e+01 9.52538437e-07
2.80515730e-03 1.68376746e+02 1.64003595e+01 9.01277409e-07
2.85736176e-03 1.70702678e+02 1.69818512e+01 8.52775003e-07
2.91053774e-03 1.73045761e+02 1.75831993e+01 8.06882762e-07
2.96470335e-03 1.75405541e+02 1.82050394e+01 7.63460221e-07
3.01987698e-03 1.77781544e+02 1.88480254e+01 7.22374471e-07
3.07607741e-03 1.80173342e+02 1.95128336e+01 6.83499759e-07
3.13332373e-03 1.82580336e+02 2.02001516e+01 6.46717096e-07
3.19163542e-03 1.85001746e+02 2.09106770e+01 6.11913898e-07
3.25103230e-03 1.87437268e+02 2.16451553e+01 5.78983641e-07
3.31153456e-03 1.89886445e+02 2.24043458e+01 5.47825532e-07
3.37316278e-03 1.92348520e+02 2.31890129e+01 5.18344202e-07
3.43593791e-03 1.94822807e+02 2.39999473e+01 4.90449416e-07
3.49988130e-03 1.97308126e+02 2.48379317e+01 4.64055792e-07
3.56501469e-03 1.99804261e+02 2.57038316e+01 4.39082546e-07
3.63136022e-03 2.02311404e+02 2.65985664e+01 4.15453239e-07
3.69894045e-03 2.04827245e+02 2.75229171e+01 3.93095548e-07
3.76777836e-03 2.07352831e+02 2.84779116e+01 3.71941040e-07
3.83789736e-03 2.09880657e+02 2.94640141e+01 3.51924966e-07
3.90932128e-03 2.12411713e+02 3.04822828e+01 3.32986060e-07
3.98207442e-03 2.14956731e+02 3.15345280e+01 3.15066355e-07
4.05618150e-03 2.17505129e+02 3.26210635e+01 2.98111003e-07
4.13166773e-03 2.20057100e+02 3.37429935e+01 2.82068105e-07
4.20855877e-03 2.22612093e+02 3.49013997e+01 2.66888559e-07
4.28688076e-03 2.25170165e+02 3.60974434e+01 2.52525903e-07
4.36666034e-03 2.27731291e+02 3.73323155e+01 2.38936176e-07
4.44792463e-03 2.30288344e+02 3.86066488e+01 2.26077783e-07
4.53070127e-03 2.32840223e+02 3.99215764e+01 2.13911366e-07
4.61501839e-03 2.35390975e+02 4.12787117e+01 2.02399687e-07
4.70090467e-03 2.37937960e+02 4.26791391e+01 1.91507511e-07
4.78838930e-03 2.40479034e+02 4.41240070e+01 1.81201500e-07
4.87750204e-03 2.43011575e+02 4.56144423e+01 1.71450109e-07
4.96827319e-03 2.45535230e+02 4.71518079e+01 1.62223490e-07
5.06073359e-03 2.48048301e+02 4.87373736e+01 1.53493404e-07
5.15491471e-03 2.50557381e+02 5.03732704e+01 1.45233129e-07
5.25084855e-03 2.53048416e+02 5.20596101e+01 1.37417382e-07
5.34856773e-03 2.55522742e+02 5.37980373e+01 1.30022240e-07
5.44810549e-03 2.57981314e+02 5.55902119e+01 1.23025070e-07
5.54949566e-03 2.60421836e+02 5.74374902e+01 1.16404454e-07
5.65277272e-03 2.62842280e+02 5.93412816e+01 1.10140127e-07
5.75797178e-03 2.65241142e+02 6.13030816e+01 1.04212916e-07
5.86512861e-03 2.67616586e+02 6.33243773e+01 9.86046792e-08
5.97427966e-03 2.69966517e+02 6.54066519e+01 9.32982506e-08
6.08546202e-03 2.72288806e+02 6.75514092e+01 8.82773884e-08
6.19871350e-03 2.74582046e+02 6.97602680e+01 8.35267248e-08
6.31407261e-03 2.76843961e+02 7.20347663e+01 7.90317191e-08
6.43157858e-03 2.79072714e+02 7.43765219e+01 7.47786128e-08
6.55127135e-03 2.81265485e+02 7.67870443e+01 7.07543883e-08
6.67319162e-03 2.83421037e+02 7.92680772e+01 6.69467281e-08
6.79738086e-03 2.85536359e+02 8.18211433e+01 6.33439778e-08
6.92388127e-03 2.87609474e+02 8.44479247e+01 5.99351102e-08
7.05273588e-03 2.89638637e+02 8.71501597e+01 5.67096915e-08
7.18398849e-03 2.91619998e+02 8.99292856e+01 5.36578492e-08
7.31768374e-03 2.93553402e+02 9.27873141e+01 5.07702423e-08
7.45386708e-03 2.95432936e+02 9.57253698e+01 4.80380326e-08
7.59258482e-03 2.97260847e+02 9.87458848e+01 4.54528572e-08
7.73388411e-03 2.99029524e+02 1.01849696e+02 4.30068035e-08
7.87781301e-03 3.00740292e+02 1.05039117e+02 4.06923846e-08
8.02442045e-03 3.02388980e+02 1.08315545e+02 3.85025166e-08
8.17375628e-03 3.03972950e+02 1.11680623e+02 3.64304967e-08
8.32587128e-03 3.05489551e+02 1.15135988e+02 3.44699829e-08
8.48081716e-03 3.06937065e+02 1.18683442e+02 3.26149746e-08
8.63864661e-03 3.08311579e+02 1.22324355e+02 3.08597938e-08
8.79941329e-03 3.09612263e+02 1.26060681e+02 2.91990684e-08
8.96317187e-03 3.10832926e+02 1.29893264e+02 2.76277153e-08
9.12997802e-03 3.11973838e+02 1.33824233e+02 2.61409248e-08
9.29988847e-03 3.13031887e+02 1.37854998e+02 2.47341462e-08
9.47296098e-03 3.14002326e+02 1.41986552e+02 2.34030737e-08
9.64925439e-03 3.14883541e+02 1.46220516e+02 2.21436331e-08
9.82882866e-03 3.15673627e+02 1.50558416e+02 2.09519694e-08
1.00117448e-02 3.16370038e+02 1.55001575e+02 1.98244354e-08
1.01980651e-02 3.16968109e+02 1.59550723e+02 1.87575799e-08
1.03878528e-02 3.17466750e+02 1.64207378e+02 1.77481373e-08
1.05811725e-02 3.17862773e+02 1.68972461e+02 1.67930181e-08
1.07780900e-02 3.18155020e+02 1.73847335e+02 1.58892988e-08
1.09786721e-02 3.18338038e+02 1.78832097e+02 1.50342133e-08
1.11829870e-02 3.18411514e+02 1.83928122e+02 1.42251444e-08
1.13911043e-02 3.18372792e+02 1.89136035e+02 1.34596157e-08
1.16030947e-02 3.18220807e+02 1.94456805e+02 1.27352840e-08
1.18190303e-02 3.17951308e+02 1.99890300e+02 1.20499324e-08
1.20389844e-02 3.17552776e+02 2.05433810e+02 1.14014631e-08
1.22630320e-02 3.17049956e+02 2.11096175e+02 1.07878913e-08
1.24912491e-02 3.16423305e+02 2.16871908e+02 1.02073390e-08
1.27237133e-02 3.15664573e+02 2.22758633e+02 9.65802923e-09
1.29605038e-02 3.14781821e+02 2.28759425e+02 9.13828065e-09
1.32017010e-02 3.13778023e+02 2.34875646e+02 8.64650242e-09
1.34473869e-02 3.12641658e+02 2.41103049e+02 8.18118934e-09
1.36976451e-02 3.11378475e+02 2.47443543e+02 7.74091715e-09
1.39525606e-02 3.09983635e+02 2.53894777e+02 7.32433830e-09
1.42122201e-02 3.08465894e+02 2.60459686e+02 6.93017771e-09
1.44767119e-02 3.06798938e+02 2.67126157e+02 6.55722895e-09
1.47461260e-02 3.05021370e+02 2.73909551e+02 6.20435049e-09
1.50205539e-02 3.03112364e+02 2.80799558e+02 5.87046225e-09
1.53000890e-02 3.01072191e+02 2.87794486e+02 5.55454226e-09
1.55848262e-02 2.98909586e+02 2.94896502e+02 5.25562357e-09
1.58748625e-02 2.96622076e+02 3.02102269e+02 4.97279124e-09
1.61702964e-02 2.94210345e+02 3.09409593e+02 4.70517958e-09
1.64712284e-02 2.91677765e+02 3.16817395e+02 4.45196949e-09
1.67777607e-02 2.89031782e+02 3.24326705e+02 4.21238595e-09
1.70899977e-02 2.86255986e+02 3.31924837e+02 3.98569564e-09
1.74080455e-02 2.83374483e+02 3.39621664e+02 3.77120471e-09
1.77320122e-02 2.80391819e+02 3.47416337e+02 3.56825664e-09
1.80620079e-02 2.77296213e+02 3.55297449e+02 3.37623027e-09
1.83981450e-02 2.74106185e+02 3.63272138e+02 3.19453783e-09
1.87405376e-02 2.70824584e+02 3.71337892e+02 3.02262320e-09
1.90893022e-02 2.67448773e+02 3.79488031e+02 2.85996018e-09
1.94445573e-02 2.63992397e+02 3.87726996e+02 2.70605091e-09
1.98064238e-02 2.60460565e+02 3.96053515e+02 2.56042429e-09
2.01750248e-02 2.56860035e+02 4.04467568e+02 2.42263460e-09
2.05504854e-02 2.53194886e+02 4.12967099e+02 2.29226008e-09
2.09329334e-02 2.49477340e+02 4.21556794e+02 2.16890169e-09
2.13224989e-02 2.45713863e+02 4.30237165e+02 2.05218185e-09
2.17193142e-02 2.41906152e+02 4.39004632e+02 1.94174332e-09
2.21235144e-02 2.38071107e+02 4.47869558e+02 1.83724805e-09
2.25352367e-02 2.34212079e+02 4.56830819e+02 1.73837621e-09
2.29546213e-02 2.30339953e+02 4.65894882e+02 1.64482518e-09
2.33818107e-02 2.26460215e+02 4.75063663e+02 1.55630862e-09
2.38169502e-02 2.22588964e+02 4.84351024e+02 1.47255559e-09
2.42601877e-02 2.18729443e+02 4.93758499e+02 1.39330975e-09
2.47116739e-02 2.14892976e+02 5.03297327e+02 1.31832853e-09
2.51715624e-02 2.11086718e+02 5.12975377e+02 1.24738244e-09
2.56400094e-02 2.07320845e+02 5.22805447e+02 1.18025433e-09
2.61171744e-02 2.03605413e+02 5.32801981e+02 1.11673873e-09
2.66032194e-02 1.99944410e+02 5.42973154e+02 1.05664123e-09
2.70983099e-02 1.96349461e+02 5.53338812e+02 9.99777896e-10
2.76026140e-02 1.92825100e+02 5.63911058e+02 9.45974668e-10
2.81163034e-02 1.89383121e+02 5.74714317e+02 8.95066870e-10
2.86395526e-02 1.86027435e+02 5.85763671e+02 8.46898685e-10
2.91725395e-02 1.82763229e+02 5.97077764e+02 8.01322679e-10
2.97154454e-02 1.79592567e+02 6.08671852e+02 7.58199355e-10
3.02684549e-02 1.76524962e+02 6.20575542e+02 7.17396720e-10
3.08317560e-02 1.73563121e+02 6.32809324e+02 6.78789886e-10
3.14055403e-02 1.70712557e+02 6.45400697e+02 6.42260685e-10
3.19900027e-02 1.67968961e+02 6.58360501e+02 6.07697311e-10
3.25853421e-02 1.65329743e+02 6.71703015e+02 5.74993970e-10
3.31917609e-02 1.62802384e+02 6.85464133e+02 5.44050566e-10
3.38094652e-02 1.60387673e+02 6.99668626e+02 5.14772387e-10
3.44386651e-02 1.58062834e+02 7.14289624e+02 4.87069818e-10
3.50795745e-02 1.55849689e+02 7.29398694e+02 4.60858067e-10
3.57324113e-02 1.53730535e+02 7.44980034e+02 4.36056907e-10
3.63973976e-02 1.51697875e+02 7.61038917e+02 4.12590426e-10
3.70747594e-02 1.49736613e+02 7.77559572e+02 3.90386798e-10
3.77647269e-02 1.47852432e+02 7.94577859e+02 3.69378062e-10
3.84675349e-02 1.46027003e+02 8.12066063e+02 3.49499915e-10
3.91834223e-02 1.44237107e+02 8.29976563e+02 3.30691514e-10
3.99126325e-02 1.42487708e+02 8.48337335e+02 3.12895290e-10
4.06554133e-02 1.40760800e+02 8.67108203e+02 2.96056774e-10
4.14120175e-02 1.39031050e+02 8.86218653e+02 2.80124425e-10
4.21827022e-02 1.37294960e+02 9.05659267e+02 2.65049479e-10
4.29677295e-02 1.35531036e+02 9.25357328e+02 2.50785793e-10
4.37673662e-02 1.33727469e+02 9.45263644e+02 2.37289710e-10
4.45818843e-02 1.31865078e+02 9.65295080e+02 2.24519922e-10
4.54115608e-02 1.29929182e+02 9.85374002e+02 2.12437342e-10
4.62566777e-02 1.27910769e+02 1.00543467e+03 2.01004988e-10
4.71175223e-02 1.25793607e+02 1.02537362e+03 1.90187868e-10
4.79943874e-02 1.23567907e+02 1.04510097e+03 1.79952874e-10
4.88875711e-02 1.21232407e+02 1.06455308e+03 1.70268677e-10
4.97973772e-02 1.18782955e+02 1.08364635e+03 1.61105638e-10
5.07241148e-02 1.16215201e+02 1.10228661e+03 1.52435709e-10
5.16680992e-02 1.13530449e+02 1.12039663e+03 1.44232353e-10
5.26296513e-02 1.10733927e+02 1.13791159e+03 1.36470463e-10
5.36090981e-02 1.07837406e+02 1.15479644e+03 1.29126281e-10
5.46067725e-02 1.04855437e+02 1.17103197e+03 1.22177327e-10
5.56230139e-02 1.01806570e+02 1.18662564e+03 1.15602332e-10
5.66581676e-02 9.87100629e+01 1.20159771e+03 1.09381171e-10
5.77125858e-02 9.55861137e+01 1.21598532e+03 1.03494804e-10
5.87866268e-02 9.24570492e+01 1.22985383e+03 9.79252123e-11
5.98806559e-02 8.93525037e+01 1.24333855e+03 9.26553493e-11
6.09950451e-02 8.63008607e+01 1.25659739e+03 8.76690849e-11
6.21301733e-02 8.33279667e+01 1.26980354e+03 8.29511573e-11
6.32864264e-02 8.04578732e+01 1.28315159e+03 7.84871258e-11
6.44641976e-02 7.77140073e+01 1.29686837e+03 7.42633270e-11
6.56638873e-02 7.51172603e+01 1.31119918e+03 7.02668326e-11
6.68859034e-02 7.26858727e+01 1.32640563e+03 6.64854103e-11
6.81306614e-02 7.04317297e+01 1.34272811e+03 6.29074860e-11
6.93985846e-02 6.83618341e+01 1.36038962e+03 5.95221083e-11
7.06901041e-02 6.64793699e+01 1.37959768e+03 5.63189153e-11
7.20056589e-02 6.47828043e+01 1.40052683e+03 5.32881027e-11
7.33456965e-02 6.32629166e+01 1.42327467e+03 5.04203938e-11
7.47106724e-02 6.19061688e+01 1.44788354e+03 4.77070112e-11
7.61010507e-02 6.06945165e+01 1.47432743e+03 4.51396498e-11
7.75173042e-02 5.96014884e+01 1.50245103e+03 4.27104514e-11
7.89599145e-02 5.85980983e+01 1.53202582e+03 4.04119807e-11
8.04293719e-02 5.76543027e+01 1.56276163e+03 3.82372027e-11
8.19261762e-02 5.67369168e+01 1.59427155e+03 3.61794607e-11
8.34508363e-02 5.58104506e+01 1.62607191e+03 3.42324565e-11
8.50038705e-02 5.48395983e+01 1.65760736e+03 3.23902307e-11
8.65858070e-02 5.37965141e+01 1.68835650e+03 3.06471446e-11
8.81971836e-02 5.26584025e+01 1.71780349e+03 2.89978630e-11
8.98385482e-02 5.14071275e+01 1.74543572e+03 2.74373377e-11
9.15104589e-02 5.00322160e+01 1.77080041e+03 2.59607924e-11
9.32134841e-02 4.85401706e+01 1.79369231e+03 2.45637077e-11
9.49482029e-02 4.69432765e+01 1.81399694e+03 2.32418074e-11
9.67152051e-02 4.52621534e+01 1.83176606e+03 2.19910453e-11
9.85150915e-02 4.35295112e+01 1.84734007e+03 2.08075932e-11
1.00348474e-01 4.17805353e+01 1.86120627e+03 1.96878288e-11
1.02215976e-01 4.00509495e+01 1.87398655e+03 1.86283248e-11
1.04118233e-01 3.83811486e+01 1.88656423e+03 1.76258381e-11
1.06055891e-01 3.68068592e+01 1.89989476e+03 1.66773005e-11
1.08029609e-01 3.53559980e+01 1.91491397e+03 1.57798085e-11
1.10040059e-01 3.40487104e+01 1.93250490e+03 1.49306153e-11
1.12087923e-01 3.28946966e+01 1.95337563e+03 1.41271215e-11
1.14173898e-01 3.18940266e+01 1.97801714e+03 1.33668679e-11
1.16298694e-01 3.10336874e+01 2.00652520e+03 1.26475275e-11
1.18463032e-01 3.02933047e+01 2.03870227e+03 1.19668985e-11
1.20667650e-01 2.96428580e+01 2.07392511e+03 1.13228977e-11
1.22913295e-01 2.90471991e+01 2.11124054e+03 1.07135539e-11
1.25200732e-01 2.84714140e+01 2.14952577e+03 1.01370021e-11
1.27530739e-01 2.78784334e+01 2.18738320e+03 9.59147751e-12
1.29904108e-01 2.72295498e+01 2.22312291e+03 9.07531041e-12
1.32321646e-01 2.65043319e+01 2.25555918e+03 8.58692094e-12
1.34784174e-01 2.56928643e+01 2.28378181e+03 8.12481424e-12
1.37292530e-01 2.48019802e+01 2.30751259e+03 7.68757590e-12
1.39847568e-01 2.38503804e+01 2.32702532e+03 7.27386761e-12
1.42450155e-01 2.28713078e+01 2.34342741e+03 6.88242311e-12
1.45101176e-01 2.18983218e+01 2.35810954e+03 6.51204427e-12
1.47801534e-01 2.09635661e+01 2.37270471e+03 6.16159743e-12
1.50552146e-01 2.00963202e+01 2.38903182e+03 5.83000996e-12
1.53353947e-01 1.93140144e+01 2.40853239e+03 5.51626692e-12
1.56207890e-01 1.86274369e+01 2.43245783e+03 5.21940802e-12
1.59114945e-01 1.80346081e+01 2.46135738e+03 4.93852463e-12
1.62076101e-01 1.75225515e+01 2.49501147e+03 4.67275704e-12
1.65092365e-01 1.70665929e+01 2.53221071e+03 4.42129177e-12
1.68164762e-01 1.66362697e+01 2.57102888e+03 4.18335916e-12
1.71294337e-01 1.62027704e+01 2.60931295e+03 3.95823093e-12
1.74482154e-01 1.57418705e+01 2.64491824e+03 3.74521802e-12
1.77729296e-01 1.52426270e+01 2.67649568e+03 3.54366844e-12
1.81036869e-01 1.47027762e+01 2.70326650e+03 3.35296528e-12
1.84405996e-01 1.41330883e+01 2.72558844e+03 3.17252485e-12
1.87837823e-01 1.35529467e+01 2.74480288e+03 3.00179485e-12
1.91333517e-01 1.29880757e+01 2.76324411e+03 2.84025272e-12
1.94894266e-01 1.24600903e+01 2.78329984e+03 2.68740401e-12
1.98521281e-01 1.19842628e+01 2.80709825e+03 2.54278087e-12
2.02215796e-01 1.15633794e+01 2.83561257e+03 2.40594066e-12
2.05979066e-01 1.11893071e+01 2.86852509e+03 2.27646453e-12
2.09812372e-01 1.08465757e+01 2.90439670e+03 2.15395618e-12
2.13717016e-01 1.05175975e+01 2.94117208e+03 2.03804064e-12
2.17694326e-01 1.01863793e+01 2.97662850e+03 1.92836312e-12
2.21745654e-01 9.84084332e+00 3.00873145e+03 1.82458791e-12
2.25872379e-01 9.47856354e+00 3.03662444e+03 1.72639738e-12
2.30075902e-01 9.10954463e+00 3.06140443e+03 1.63349099e-12
2.34357654e-01 8.74518248e+00 3.08467464e+03 1.54558438e-12
2.38719090e-01 8.39746605e+00 3.10850525e+03 1.46240848e-12
2.43161693e-01 8.07610178e+00 3.13495219e+03 1.38370870e-12
2.47686973e-01 7.78354004e+00 3.16498142e+03 1.30924417e-12
2.52296470e-01 7.51517441e+00 3.19819299e+03 1.23878696e-12
2.56991750e-01 7.26007624e+00 3.23264697e+03 1.17212141e-12
2.61774410e-01 7.00870424e+00 3.26632283e+03 1.10904349e-12
2.66646076e-01 6.75656839e+00 3.29803972e+03 1.04936011e-12
2.71608405e-01 6.50222713e+00 3.32718089e+03 9.92888608e-13
2.76663084e-01 6.24917627e+00 3.35435703e+03 9.39456128e-13
2.81811831e-01 6.00472648e+00 3.38140403e+03 8.88899127e-13
2.87056397e-01 5.77327663e+00 3.40968443e+03 8.41062860e-13
2.92398566e-01 5.55617726e+00 3.43988245e+03 7.95800910e-13
2.97840153e-01 5.35199361e+00 3.47188955e+03 7.52974741e-13
3.03383009e-01 5.15741120e+00 3.50490733e+03 7.12453269e-13
3.09029018e-01 4.96720630e+00 3.53727897e+03 6.74112468e-13
3.14780101e-01 4.77949171e+00 3.56826107e+03 6.37834984e-13
3.20638212e-01 4.59482200e+00 3.59792962e+03 6.03509779e-13
3.26605343e-01 4.41532592e+00 3.62703924e+03 5.71031791e-13
3.32683524e-01 4.24353496e+00 3.65668303e+03 5.40301612e-13
3.38874821e-01 4.08134235e+00 3.68788601e+03 5.11225183e-13
3.45181340e-01 3.92680948e+00 3.72004715e+03 4.83713508e-13
3.51605223e-01 3.77785168e+00 3.75235166e+03 4.57682378e-13
3.58148656e-01 3.63276878e+00 3.78401206e+03 4.33052118e-13
3.64813863e-01 3.49101505e+00 3.81471456e+03 4.09747340e-13
3.71603112e-01 3.35420596e+00 3.84532987e+03 3.87696713e-13
3.78518709e-01 3.22289202e+00 3.87627133e+03 3.66832745e-13
3.85563006e-01 3.09736023e+00 3.90786635e+03 3.47091574e-13
3.92738399e-01 2.97701648e+00 3.93991648e+03 3.28412779e-13
4.00047328e-01 2.86088096e+00 3.97190491e+03 3.10739186e-13
4.07492277e-01 2.74837516e+00 4.00349701e+03 2.94016700e-13
4.15075777e-01 2.63975146e+00 4.03492599e+03 2.78194138e-13
4.22800408e-01 2.53534490e+00 4.06654076e+03 2.63223071e-13
4.30668796e-01 2.43516447e+00 4.09848460e+03 2.49057674e-13
4.38683615e-01 2.33884740e+00 4.13059538e+03 2.35654590e-13
4.46847592e-01 2.24604545e+00 4.16268486e+03 2.22972796e-13
4.55163502e-01 2.15656875e+00 4.19467648e+03 2.10973474e-13
4.63634172e-01 2.07039704e+00 4.22664905e+03 1.99619899e-13
4.72262483e-01 1.98750953e+00 4.25869494e+03 1.88877318e-13
4.81051368e-01 1.90785128e+00 4.29088359e+03 1.78712851e-13
4.90003816e-01 1.83128580e+00 4.32319765e+03 1.69095387e-13
4.99122870e-01 1.75766797e+00 4.35560010e+03 1.59995488e-13
5.08411632e-01 1.68686155e+00 4.38805287e+03 1.51385302e-13
5.17873259e-01 1.61874790e+00 4.42052950e+03 1.43238474e-13
5.27510968e-01 1.55323580e+00 4.45303320e+03 1.35530070e-13
5.37328037e-01 1.49023938e+00 4.48557174e+03 1.28236495e-13
5.47327803e-01 1.42967468e+00 4.51815322e+03 1.21335425e-13
5.57513667e-01 1.37145956e+00 4.55078583e+03 1.14805737e-13
5.67889091e-01 1.31551122e+00 4.58347351e+03 1.08627445e-13
5.78457603e-01 1.26174649e+00 4.61621526e+03 1.02781640e-13
5.89222798e-01 1.21008484e+00 4.64900981e+03 9.72504274e-14
6.00188334e-01 1.16044851e+00 4.68185590e+03 9.20168781e-14
6.11357941e-01 1.11276241e+00 4.71475230e+03 8.70649732e-14
6.22735417e-01 1.06695402e+00 4.74769775e+03 8.23795559e-14
6.34324629e-01 1.02295342e+00 4.78069120e+03 7.79462853e-14
6.46129518e-01 9.80693213e-01 4.81373192e+03 7.37515918e-14
6.58154098e-01 9.40108331e-01 4.84681919e+03 6.97826366e-14
6.70402458e-01 9.01135957e-01 4.87995233e+03 6.60272714e-14
6.82878762e-01 8.63715450e-01 4.91313069e+03 6.24740019e-14
6.95587252e-01 8.27788281e-01 4.94635363e+03 5.91119522e-14
7.08532249e-01 7.93297967e-01 4.97962053e+03 5.59308318e-14
7.21718155e-01 7.60190005e-01 5.01293079e+03 5.29209040e-14
7.35149452e-01 7.28411804e-01 5.04628379e+03 5.00729560e-14
7.48830709e-01 6.97912567e-01 5.07967872e+03 4.73782708e-14
7.62766576e-01 6.68643291e-01 5.11311469e+03 4.48286006e-14
7.76961792e-01 6.40556730e-01 5.14659081e+03 4.24161414e-14
7.91421183e-01 6.13607338e-01 5.18010623e+03 4.01335091e-14
8.06149666e-01 5.87751214e-01 5.21366009e+03 3.79737171e-14
8.21152248e-01 5.62946046e-01 5.24725155e+03 3.59301546e-14
8.36434031e-01 5.39151062e-01 5.28087981e+03 3.39965669e-14
8.52000211e-01 5.16326975e-01 5.31454405e+03 3.21670355e-14
8.67856080e-01 4.94435936e-01 5.34824348e+03 3.04359607e-14
8.84007029e-01 4.73441484e-01 5.38197732e+03 2.87980439e-14
9.00458550e-01 4.53308506e-01 5.41574485e+03 2.72482720e-14
9.17216237e-01 4.34003257e-01 5.44954582e+03 2.57819013e-14
9.34285787e-01 4.15493277e-01 5.48338029e+03 2.43944437e-14
9.51673005e-01 3.97747299e-01 5.51724842e+03 2.30816523e-14
9.69383801e-01 3.80735205e-01 5.55115034e+03 2.18395090e-14
9.87424199e-01 3.64427989e-01 5.58508627e+03 2.06642119e-14
1.00580033e+00 3.48797719e-01 5.61905645e+03 1.95521636e-14
1.02451845e+00 3.33817505e-01 5.65306114e+03 1.84999604e-14
1.04358491e+00 3.19461456e-01 5.68710065e+03 1.75043817e-14
1.06300620e+00 3.05704653e-01 5.72117535e+03 1.65623802e-14
1.08278893e+00 2.92523114e-01 5.75528561e+03 1.56710727e-14
1.10293981e+00 2.79893760e-01 5.78943187e+03 1.48277311e-14
1.12346571e+00 2.67794385e-01 5.82361458e+03 1.40297741e-14
1.14437360e+00 2.56203573e-01 5.85783366e+03 1.32747593e-14
1.16567059e+00 2.45100638e-01 5.89208791e+03 1.25603757e-14
1.18736392e+00 2.34465690e-01 5.92637597e+03 1.18844368e-14
1.20946096e+00 2.24279622e-01 5.96069650e+03 1.12448737e-14
1.23196923e+00 2.14524077e-01 5.99504815e+03 1.06397288e-14
1.25489639e+00 2.05181422e-01 6.02942955e+03 1.00671499e-14
1.27825023e+00 1.96234723e-01 6.06383936e+03 9.52538437e-15
1.30203868e+00 1.87667711e-01 6.09827621e+03 9.01277409e-15
1.32626984e+00 1.79464766e-01 6.13273873e+03 8.52775003e-15
1.35095195e+00 1.71610885e-01 6.16722556e+03 8.06882762e-15
1.37609340e+00 1.64091662e-01 6.20173531e+03 7.63460221e-15
1.40170273e+00 1.56893266e-01 6.23626662e+03 7.22374471e-15
1.42778865e+00 1.50002424e-01 6.27081824e+03 6.83499759e-15
1.45436004e+00 1.43406442e-01 6.30539005e+03 6.46717096e-15
1.48142593e+00 1.37093152e-01 6.33998252e+03 6.11913898e-15
1.50899552e+00 1.31050863e-01 6.37459615e+03 5.78983641e-15
1.53707818e+00 1.25268347e-01 6.40923149e+03 5.47825532e-15
1.56568347e+00 1.19734814e-01 6.44388913e+03 5.18344202e-15
1.59482111e+00 1.14439905e-01 6.47856969e+03 4.90449416e-15
1.62450100e+00 1.09373671e-01 6.51327383e+03 4.64055792e-15
1.65473324e+00 1.04526558e-01 6.54800226e+03 4.39082546e-15
1.68552810e+00 9.98893945e-02 6.58275571e+03 4.15453239e-15
1.71689607e+00 9.54533746e-02 6.61753496e+03 3.93095548e-15
1.74884780e+00 9.12100465e-02 6.65234082e+03 3.71941040e-15
1.78139415e+00 8.71512975e-02 6.68717416e+03 3.51924966e-15
1.81454620e+00 8.32693256e-02 6.72203519e+03 3.32986060e-15
1.84831521e+00 7.95566176e-02 6.75692294e+03 3.15066355e-15
1.88271268e+00 7.60059678e-02 6.79183630e+03 2.98111003e-15
1.91775028e+00 7.26104690e-02 6.82677418e+03 2.82068105e-15
1.95343994e+00 6.93635007e-02 6.86173545e+03 2.66888559e-15
1.98979379e+00 6.62587171e-02 6.89671901e+03 2.52525903e-15
2.02682419e+00 6.32900366e-02 6.93172376e+03 2.38936176e-15
2.06454373e+00 6.04516310e-02 6.96674857e+03 2.26077783e-15
2.10296524e+00 5.77379148e-02 7.00179234e+03 2.13911366e-15
2.14210178e+00 5.51435362e-02 7.03685395e+03 2.02399687e-15
2.18196666e+00 5.26633667e-02 7.07193229e+03 1.91507511e-15
2.22257343e+00 5.02924930e-02 7.10702623e+03 1.81201500e-15
2.26393590e+00 4.80262087e-02 7.14213477e+03 1.71450109e-15
2.30606813e+00 4.58600164e-02 7.17725777e+03 1.62223490e-15
2.34898445e+00 4.37896105e-02 7.21239552e+03 1.53493404e-15
2.39269945e+00 4.18108645e-02 7.24754833e+03 1.45233129e-15
2.43722800e+00 3.99198238e-02 7.28271655e+03 1.37417382e-15
2.48258523e+00 3.81126986e-02 7.31790053e+03 1.30022240e-15
2.52878656e+00 3.63858576e-02 7.35310067e+03 1.23025070e-15
2.57584771e+00 3.47358215e-02 7.38831739e+03 1.16404454e-15
2.62378467e+00 3.31592571e-02 7.42355115e+03 1.10140127e-15
2.67261375e+00 3.16529712e-02 7.45880242e+03 1.04212916e-15
2.72235155e+00 3.02139049e-02 7.49407169e+03 9.86046792e-16
2.77301497e+00 2.88391286e-02 7.52935951e+03 9.32982506e-16
2.82462125e+00 2.75258363e-02 7.56466641e+03 8.82773884e-16
2.87718794e+00 2.62713372e-02 7.59999246e+03 8.35267248e-16
2.93073289e+00 2.50730492e-02 7.63533683e+03 7.90317191e-16
2.98527433e+00 2.39285005e-02 7.67069861e+03 7.47786128e-16
3.04083079e+00 2.28353260e-02 7.70607689e+03 7.07543883e-16
3.09742117e+00 2.17912624e-02 7.74147075e+03 6.69467281e-16
3.15506471e+00 2.07941440e-02 7.77687929e+03 6.33439778e-16
3.21378100e+00 1.98418986e-02 7.81230159e+03 5.99351102e-16
3.27359001e+00 1.89325439e-02 7.84773675e+03 5.67096915e-16
3.33451208e+00 1.80641830e-02 7.88318384e+03 5.36578492e-16
3.39656791e+00 1.72350015e-02 7.91864197e+03 5.07702423e-16
3.45977862e+00 1.64432634e-02 7.95411022e+03 4.80380326e-16
3.52416569e+00 1.56873084e-02 7.98958768e+03 4.54528572e-16
3.58975101e+00 1.49655485e-02 8.02507356e+03 4.30068035e-16
3.65655689e+00 1.42764680e-02 8.06056796e+03 4.06923846e-16
3.72460604e+00 1.36186180e-02 8.09607136e+03 3.85025166e-16
3.79392159e+00 1.29906121e-02 8.13158429e+03 3.64304967e-16
3.86452711e+00 1.23911238e-02 8.16710728e+03 3.44699829e-16
3.93644662e+00 1.18188840e-02 8.20264092e+03 3.26149746e-16
4.00970456e+00 1.12726787e-02 8.23818578e+03 3.08597938e-16
4.08432585e+00 1.07513465e-02 8.27374249e+03 2.91990684e-16
4.16033585e+00 1.02537767e-02 8.30931169e+03 2.76277153e-16
4.23776040e+00 9.77890674e-03 8.34489406e+03 2.61409248e-16
4.31662585e+00 9.32572057e-03 8.38049029e+03 2.47341462e-16
4.39695899e+00 8.89324643e-03 8.41610111e+03 2.34030737e-16
4.47878714e+00 8.48055507e-03 8.45172724e+03 2.21436331e-16
4.56213813e+00 8.08675683e-03 8.48736888e+03 2.09519694e-16
4.64704030e+00 7.71099959e-03 8.52302532e+03 1.98244354e-16
4.73352251e+00 7.35246887e-03 8.55869575e+03 1.87575799e-16
4.82161417e+00 7.01038639e-03 8.59437939e+03 1.77481373e-16
4.91134523e+00 6.68400848e-03 8.63007544e+03 1.67930181e-16
5.00274620e+00 6.37262454e-03 8.66578310e+03 1.58892988e-16
5.09584816e+00 6.07555565e-03 8.70150157e+03 1.50342133e-16
5.19068276e+00 5.79215312e-03 8.73723005e+03 1.42251444e-16
5.28728225e+00 5.52179721e-03 8.77296775e+03 1.34596157e-16
5.38567947e+00 5.26389586e-03 8.80871387e+03 1.27352840e-16
5.48590788e+00 5.01788343e-03 8.84446761e+03 1.20499324e-16
5.58800156e+00 4.78321961e-03 8.88022816e+03 1.14014631e-16
5.69199522e+00 4.55938832e-03 8.91599482e+03 1.07878913e-16
5.79792422e+00 4.34589704e-03 8.95176732e+03 1.02073390e-16
5.90582458e+00 4.14227545e-03 8.98754564e+03 9.65802923e-17
6.01573298e+00 3.94807422e-03 9.02332974e+03 9.13828065e-17
6.12768679e+00 3.76286410e-03 9.05911961e+03 8.64650242e-17
6.24172409e+00 3.58623507e-03 9.09491523e+03 8.18118934e-17
6.35788364e+00 3.41779544e-03 9.13071664e+03 7.74091715e-17
6.47620493e+00 3.25717112e-03 9.16652383e+03 7.32433830e-17
6.59672821e+00 3.10400477e-03 9.20233685e+03 6.93017771e-17
6.71949444e+00 2.95795512e-03 9.23815574e+03 6.55722895e-17
6.84454538e+00 2.81869626e-03 9.27398057e+03 6.20435049e-17
6.97192353e+00 2.68591693e-03 9.30981139e+03 5.87046225e-17
7.10167221e+00 2.55931989e-03 9.34564830e+03 5.55454226e-17
7.23383554e+00 2.43862124e-03 9.38149121e+03 5.25562357e-17
7.36845845e+00 2.32354976e-03 9.41733980e+03 4.97279124e-17
7.50558672e+00 2.21384651e-03 9.45319374e+03 4.70517958e-17
7.64526696e+00 2.10926430e-03 9.48905270e+03 4.45196949e-17
7.78754668e+00 2.00956714e-03 9.52491635e+03 4.21238595e-17
7.93247425e+00 1.91452977e-03 9.56078438e+03 3.98569564e-17
8.08009895e+00 1.82393714e-03 9.59665647e+03 3.77120471e-17
8.23047096e+00 1.73758403e-03 9.63253233e+03 3.56825664e-17
8.38364143e+00 1.65527450e-03 9.66841164e+03 3.37623027e-17
8.53966242e+00 1.57682159e-03 9.70429413e+03 3.19453783e-17
8.69858699e+00 1.50204682e-03 9.74017949e+03 3.02262320e-17
8.86046918e+00 1.43077988e-03 9.77606745e+03 2.85996018e-17
9.02536402e+00 1.36285822e-03 9.81195776e+03 2.70605091e-17
9.19332758e+00 1.29812678e-03 9.84785027e+03 2.56042429e-17
9.36441697e+00 1.23643755e-03 9.88374490e+03 2.42263460e-17
9.53869036e+00 1.17764932e-03 9.91964157e+03 2.29226008e-17
9.71620701e+00 1.12162733e-03 9.95554021e+03 2.16890169e-17
9.89702728e+00 1.06824299e-03 9.99144077e+03 2.05218185e-17
1.00812126e+01 1.01737360e-03 1.00273432e+04 1.94174332e-17
1.02688257e+01 9.68902113e-04 1.00632474e+04 1.83724805e-17
1.04599303e+01 9.22716820e-04 1.00991534e+04 1.73837621e-17
1.06545914e+01 8.78711161e-04 1.01350612e+04 1.64482518e-17
1.08528752e+01 8.36783473e-04 1.01709707e+04 1.55630862e-17
1.10548490e+01 7.96836769e-04 1.02068819e+04 1.47255559e-17
1.12605816e+01 7.58778529e-04 1.02427949e+04 1.39330975e-17
1.14701430e+01 7.22520466e-04 1.02787095e+04 1.31832853e-17
1.16836043e+01 6.87978331e-04 1.03146251e+04 1.24738244e-17
1.19010381e+01 6.55071769e-04 1.03505412e+04 1.18025433e-17
1.21225185e+01 6.23724148e-04 1.03864575e+04 1.11673873e-17
1.23481206e+01 5.93862380e-04 1.04223735e+04 1.05664123e-17
1.25779213e+01 5.65416770e-04 1.04582885e+04 9.99777896e-18
1.28119985e+01 5.38320850e-04 1.04942022e+04 9.45974668e-18
1.30504320e+01 5.12511241e-04 1.05301141e+04 8.95066870e-18
1.32933027e+01 4.87927504e-04 1.05660238e+04 8.46898685e-18
1.35406934e+01 4.64512007e-04 1.06019306e+04 8.01322679e-18
1.37926880e+01 4.42209800e-04 1.06378343e+04 7.58199355e-18
1.40493722e+01 4.20968488e-04 1.06737342e+04 7.17396720e-18
1.43108334e+01 4.00738113e-04 1.07096300e+04 6.78789886e-18
1.45771605e+01 3.81471045e-04 1.07455212e+04 6.42260685e-18
1.48484439e+01 3.63121871e-04 1.07814073e+04 6.07697311e-18
1.51247760e+01 3.45647299e-04 1.08172878e+04 5.74993970e-18
1.54062507e+01 3.29006054e-04 1.08531623e+04 5.44050566e-18
1.56929636e+01 3.13158787e-04 1.08890303e+04 5.14772387e-18
1.59850123e+01 2.98067990e-04 1.09248914e+04 4.87069818e-18
1.62824961e+01 2.83697907e-04 1.09607451e+04 4.60858067e-18
1.65855161e+01 2.70014451e-04 1.09965909e+04 4.36056907e-18
1.68941754e+01 2.56985134e-04 1.10324284e+04 4.12590426e-18
1.72085789e+01 2.44578987e-04 1.10682572e+04 3.90386798e-18
1.75288335e+01 2.32766492e-04 1.11040767e+04 3.69378062e-18
1.78550481e+01 2.21519514e-04 1.11398866e+04 3.49499915e-18
1.81873335e+01 2.10811230e-04 1.11756862e+04 3.30691514e-18
1.85258029e+01 2.00616068e-04 1.12114746e+04 3.12895290e-18
1.88705713e+01 1.90909657e-04 1.12472508e+04 2.96056774e-18
1.92217558e+01 1.81668775e-04 1.12830140e+04 2.80124425e-18
1.95794759e+01 1.72871291e-04 1.13187632e+04 2.65049479e-18
1.99438533e+01 1.64496119e-04 1.13544975e+04 2.50785793e-18
2.03150118e+01 1.56523165e-04 1.13902158e+04 2.37289710e-18
2.06930777e+01 1.48933284e-04 1.14259173e+04 2.24519922e-18
2.10781794e+01 1.41708233e-04 1.14616011e+04 2.12437342e-18
2.14704479e+01 1.34830631e-04 1.14972661e+04 2.01004988e-18
2.18700165e+01 1.28283916e-04 1.15329114e+04 1.90187868e-18
2.22770213e+01 1.22052310e-04 1.15685361e+04 1.79952874e-18
2.26916004e+01 1.16120780e-04 1.16041392e+04 1.70268677e-18
2.31138950e+01 1.10475007e-04 1.16397199e+04 1.61105638e-18
2.35440485e+01 1.05101350e-04 1.16752774e+04 1.52435709e-18
2.39822072e+01 9.99868105e-05 1.17108110e+04 1.44232353e-18
2.44285202e+01 9.51190077e-05 1.17463199e+04 1.36470463e-18
2.48831391e+01 9.04861457e-05 1.17818032e+04 1.29126281e-18
2.53462186e+01 8.60769873e-05 1.18172603e+04 1.22177327e-18
2.58179160e+01 8.18808277e-05 1.18526903e+04 1.15602332e-18
2.62983918e+01 7.78874696e-05 1.18880925e+04 1.09381171e-18
2.67878094e+01 7.40871995e-05 1.19234661e+04 1.03494804e-18
2.72863351e+01 7.04707644e-05 1.19588102e+04 9.79252123e-19
2.77941384e+01 6.70293509e-05 1.19941242e+04 9.26553493e-19
2.83113920e+01 6.37545638e-05 1.20294072e+04 8.76690849e-19
2.88382719e+01 6.06383991e-05 1.20646577e+04 8.29511573e-19
2.93749570e+01 5.76732254e-05 1.20998730e+04 7.84871258e-19
2.99216300e+01 5.48517761e-05 1.21350507e+04 7.42633270e-19
3.04784766e+01 5.21671327e-05 1.21701879e+04 7.02668326e-19
3.10456862e+01 4.96127082e-05 1.22052820e+04 6.64854103e-19
3.16234517e+01 4.71822312e-05 1.22403304e+04 6.29074860e-19
3.22119695e+01 4.48697308e-05 1.22753303e+04 5.95221083e-19
3.28114398e+01 4.26695221e-05 1.23102791e+04 5.63189153e-19
3.34220663e+01 4.05761929e-05 1.23451738e+04 5.32881027e-19
3.40440566e+01 3.85845903e-05 1.23800119e+04 5.04203938e-19
3.46776223e+01 3.66898087e-05 1.24147904e+04 4.77070112e-19
3.53229787e+01 3.48871776e-05 1.24495065e+04 4.51396498e-19
3.59803454e+01 3.31722519e-05 1.24841578e+04 4.27104514e-19
3.66499457e+01 3.15408073e-05 1.25187431e+04 4.04119807e-19
3.73320074e+01 2.99888227e-05 1.25532618e+04 3.82372027e-19
3.80267625e+01 2.85124685e-05 1.25877132e+04 3.61794607e-19
3.87344470e+01 2.71080976e-05 1.26220967e+04 3.42324565e-19
3.94553016e+01 2.57722369e-05 1.26564117e+04 3.23902307e-19
4.01895715e+01 2.45015788e-05 1.26906575e+04 3.06471446e-19
4.09375063e+01 2.32929737e-05 1.27248335e+04 2.89978630e-19
4.16993602e+01 2.21434224e-05 1.27589391e+04 2.74373377e-19
4.24753924e+01 2.10500690e-05 1.27929737e+04 2.59607924e-19
4.32658667e+01 2.00101943e-05 1.28269367e+04 2.45637077e-19
4.40710518e+01 1.90212090e-05 1.28608274e+04 2.32418074e-19
4.48912216e+01 1.80806476e-05 1.28946451e+04 2.19910453e-19
4.57266549e+01 1.71861479e-05 1.29283835e+04 2.08075932e-19
4.65776357e+01 1.63354480e-05 1.29620303e+04 1.96878288e-19
4.74444534e+01 1.55263977e-05 1.29955724e+04 1.86283248e-19
4.83274028e+01 1.47569541e-05 1.30289967e+04 1.76258381e-19
4.92267840e+01 1.40251761e-05 1.30622902e+04 1.66773005e-19
5.01429028e+01 1.33292193e-05 1.30954394e+04 1.57798085e-19
5.10760708e+01 1.26673306e-05 1.31284309e+04 1.49306153e-19
5.20266051e+01 1.20378441e-05 1.31612513e+04 1.41271215e-19
5.29948291e+01 1.14391764e-05 1.31938868e+04 1.33668679e-19
5.39810719e+01 1.08698222e-05 1.32263237e+04 1.26475275e-19
5.49856688e+01 1.03283508e-05 1.32585482e+04 1.19668985e-19
5.60089615e+01 9.81340199e-06 1.32905461e+04 1.13228977e-19
5.70512978e+01 9.32369039e-06 1.33223091e+04 1.07135539e-19
5.81130321e+01 8.85802590e-06 1.33538536e+04 1.01370021e-19
5.91945256e+01 8.41527974e-06 1.33852032e+04 9.59147751e-20
6.02961457e+01 7.99437176e-06 1.34163819e+04 9.07531041e-20
6.14182673e+01 7.59426864e-06 1.34474139e+04 8.58692094e-20
6.25612717e+01 7.21398219e-06 1.34783237e+04 8.12481424e-20
6.37255476e+01 6.85256765e-06 1.35091358e+04 7.68757590e-20
6.49114909e+01 6.50912205e-06 1.35398752e+04 7.27386761e-20
6.61195048e+01 6.18278261e-06 1.35705670e+04 6.88242311e-20
6.73500000e+01 5.87272519e-06 1.36012367e+04 6.51204427e-20
6.73500000e+01 5.87273839e-06 1.36012520e+04 6.51204427e-20
6.86050871e+01 5.57788302e-06 1.36320782e+04 6.16114151e-20
6.98835632e+01 5.29783158e-06 1.36629743e+04 5.82914722e-20
7.11858640e+01 5.03184083e-06 1.36939404e+04 5.51504250e-20
7.25124336e+01 4.77920480e-06 1.37249766e+04 5.21786337e-20
7.38637242e+01 4.53925298e-06 1.37560833e+04 4.93669780e-20
7.52401965e+01 4.31134854e-06 1.37872604e+04 4.67068288e-20
7.66423197e+01 4.09488661e-06 1.38185082e+04 4.41900224e-20
7.80705720e+01 3.88929268e-06 1.38498268e+04 4.18088345e-20
7.95254401e+01 3.69402111e-06 1.38812164e+04 3.95559574e-20
8.10074202e+01 3.50855363e-06 1.39126771e+04 3.74244770e-20
8.25170174e+01 3.33239801e-06 1.39442091e+04 3.54078519e-20
8.40547463e+01 3.16508671e-06 1.39758126e+04 3.34998930e-20
8.56211313e+01 3.00617569e-06 1.40074878e+04 3.16947448e-20
8.72167064e+01 2.85524320e-06 1.40392347e+04 2.99868673e-20
8.88420154e+01 2.71188864e-06 1.40710535e+04 2.83710192e-20
9.04976126e+01 2.57573155e-06 1.41029445e+04 2.68422414e-20
9.21840623e+01 2.44641057e-06 1.41349078e+04 2.53958420e-20
9.39019395e+01 2.32358247e-06 1.41669435e+04 2.40273822e-20
9.56518299e+01 2.20692126e-06 1.41990518e+04 2.27326621e-20
9.74343300e+01 2.09611731e-06 1.42312329e+04 2.15077082e-20
9.92500475e+01 1.99087655e-06 1.42634869e+04 2.03487612e-20
1.01099601e+02 1.89091966e-06 1.42958140e+04 1.92522643e-20
1.02983622e+02 1.79598135e-06 1.43282144e+04 1.82148523e-20
1.04902752e+02 1.70580966e-06 1.43606882e+04 1.72333415e-20
1.06857646e+02 1.62016526e-06 1.43932356e+04 1.63047196e-20
1.08848970e+02 1.53882085e-06 1.44258568e+04 1.54261366e-20
1.10877403e+02 1.46156054e-06 1.44585519e+04 1.45948963e-20
1.12943636e+02 1.38817927e-06 1.44913212e+04 1.38084475e-20
1.15048374e+02 1.31848229e-06 1.45241646e+04 1.30643766e-20
1.17192334e+02 1.25228462e-06 1.45570826e+04 1.23604002e-20
1.19376248e+02 1.18941057e-06 1.45900751e+04 1.16943576e-20
1.21600860e+02 1.12969327e-06 1.46231424e+04 1.10642049e-20
1.23866927e+02 1.07297422e-06 1.46562847e+04 1.04680081e-20
1.26175224e+02 1.01910289e-06 1.46895020e+04 9.90393747e-21
1.28526537e+02 9.67936307e-07 1.47227947e+04 9.37026189e-21
1.30921667e+02 9.19338668e-07 1.47561628e+04 8.86534353e-21
1.33361431e+02 8.73180993e-07 1.47896065e+04 8.38763278e-21
1.35846660e+02 8.29340778e-07 1.48231260e+04 7.93566358e-21
1.38378203e+02 7.87701670e-07 1.48567215e+04 7.50804882e-21
1.40956921e+02 7.48153157e-07 1.48903932e+04 7.10347616e-21
1.43583695e+02 7.10590275e-07 1.49241411e+04 6.72070398e-21
1.46259420e+02 6.74913330e-07 1.49579656e+04 6.35855755e-21
1.48985007e+02 6.41027634e-07 1.49918667e+04 6.01592545e-21
1.51761387e+02 6.08843254e-07 1.50258446e+04 5.69175615e-21
1.54589505e+02 5.78274771e-07 1.50598995e+04 5.38505477e-21
1.57470326e+02 5.49241053e-07 1.50940317e+04 5.09488006e-21
1.60404832e+02 5.21665046e-07 1.51282412e+04 4.82034147e-21
1.63394023e+02 4.95473560e-07 1.51625282e+04 4.56059644e-21
1.66438919e+02 4.70597083e-07 1.51968929e+04 4.31484782e-21
1.69540558e+02 4.46969591e-07 1.52313355e+04 4.08234142e-21
1.72699996e+02 4.24528375e-07 1.52658562e+04 3.86236366e-21
1.75918311e+02 4.03213877e-07 1.53004551e+04 3.65423945e-21
1.79196601e+02 3.82969525e-07 1.53351324e+04 3.45733006e-21
1.82535983e+02 3.63741592e-07 1.53698884e+04 3.27103116e-21
1.85937594e+02 3.45479044e-07 1.54047230e+04 3.09477102e-21
1.89402596e+02 3.28133413e-07 1.54396367e+04 2.92800868e-21
1.92932170e+02 3.11658662e-07 1.54746295e+04 2.77023237e-21
1.96527518e+02 2.96011067e-07 1.55097015e+04 2.62095787e-21
2.00189866e+02 2.81149098e-07 1.55448531e+04 2.47972705e-21
2.03920463e+02 2.67033312e-07 1.55800844e+04 2.34610648e-21
2.07720581e+02 2.53626243e-07 1.56153954e+04 2.21968608e-21
2.11591515e+02 2.40892309e-07 1.56507866e+04 2.10007787e-21
2.15534586e+02 2.28797714e-07 1.56862579e+04 1.98691477e-21
2.19551136e+02 2.17310358e-07 1.57218096e+04 1.87984948e-21
2.23642537e+02 2.06399753e-07 1.57574419e+04 1.77855343e-21
2.27810181e+02 1.96036942e-07 1.57931550e+04 1.68271574e-21
2.32055491e+02 1.86194422e-07 1.58289490e+04 1.59204227e-21
2.36379914e+02 1.76846070e-07 1.58648241e+04 1.50625477e-21
2.40784923e+02 1.67967075e-07 1.59007805e+04 1.42508994e-21
2.45272021e+02 1.59533872e-07 1.59368184e+04 1.34829870e-21
2.49842738e+02 1.51524079e-07 1.59729380e+04 1.27564536e-21
2.54498631e+02 1.43916437e-07 1.60091395e+04 1.20690696e-21
2.59241288e+02 1.36690756e-07 1.60454230e+04 1.14187255e-21
2.64072326e+02 1.29827858e-07 1.60817887e+04 1.08034253e-21
2.68993392e+02 1.23309529e-07 1.61182369e+04 1.02212806e-21
2.74006163e+02 1.17118468e-07 1.61547677e+04 9.67050495e-22
2.79112349e+02 1.11238246e-07 1.61913812e+04 9.14940793e-22
2.84313690e+02 1.05653254e-07 1.62280778e+04 8.65639032e-22
2.89611959e+02 1.00348671e-07 1.62648575e+04 8.18993906e-22
2.95008963e+02 9.53104172e-08 1.63017206e+04 7.74862262e-22
3.00506543e+02 9.05251216e-08 1.63386672e+04 7.33108660e-22
3.06106571e+02 8.59800836e-08 1.63756975e+04 6.93604958e-22
3.11810957e+02 8.16632406e-08 1.64128118e+04 6.56229922e-22
3.17621646e+02 7.75631353e-08 1.64500102e+04 6.20868846e-22
3.23540619e+02 7.36688860e-08 1.64872929e+04 5.87413208e-22
3.29569894e+02 6.99701571e-08 1.65246601e+04 5.55760335e-22
3.35711526e+02 6.64571321e-08 1.65621120e+04 5.25813082e-22
3.41967610e+02 6.31204871e-08 1.65996488e+04 4.97479543e-22
3.48340277e+02 5.99513667e-08 1.66372707e+04 4.70672762e-22
3.54831701e+02 5.69413599e-08 1.66749778e+04 4.45310469e-22
3.61444094e+02 5.40824779e-08 1.67127704e+04 4.21314829e-22
3.68179712e+02 5.13671331e-08 1.67506486e+04 3.98612198e-22
3.75040849e+02 4.87881190e-08 1.67886127e+04 3.77132903e-22
3.82029846e+02 4.63385906e-08 1.68266628e+04 3.56811024e-22
3.89149085e+02 4.40120469e-08 1.68647992e+04 3.37584193e-22
3.96400993e+02 4.18023131e-08 1.69030220e+04 3.19393404e-22
4.03788043e+02 3.97035244e-08 1.69413314e+04 3.02182829e-22
4.11312752e+02 3.77101106e-08 1.69797276e+04 2.85899649e-22
4.18977686e+02 3.58167811e-08 1.70182109e+04 2.70493891e-22
4.26785459e+02 3.40185109e-08 1.70567814e+04 2.55918276e-22
4.34738732e+02 3.23105273e-08 1.70954393e+04 2.42128070e-22
4.42840217e+02 3.06882972e-08 1.71341848e+04 2.29080953e-22
4.51092675e+02 2.91475153e-08 1.71730182e+04 2.16736881e-22
4.59498920e+02 2.76840921e-08 1.72119395e+04 2.05057973e-22
4.68061818e+02 2.62941437e-08 1.72509491e+04 1.94008384e-22
4.76784288e+02 2.49739810e-08 1.72900471e+04 1.83554205e-22
4.85669304e+02 2.37201005e-08 1.73292337e+04 1.73663352e-22
4.94719895e+02 2.25291741e-08 1.73685091e+04 1.64305468e-22
5.03939146e+02 2.13980411e-08 1.74078735e+04 1.55451837e-22
5.13330201e+02 2.03236994e-08 1.74473271e+04 1.47075284e-22
5.22896261e+02 1.93032978e-08 1.74868702e+04 1.39150104e-22
5.32640587e+02 1.83341279e-08 1.75265028e+04 1.31651974e-22
5.42566501e+02 1.74136176e-08 1.75662253e+04 1.24557882e-22
5.52677388e+02 1.65393238e-08 1.76060379e+04 1.17846057e-22
5.62976694e+02 1.57089261e-08 1.76459406e+04 1.11495899e-22
5.73467931e+02 1.49202205e-08 1.76859338e+04 1.05487921e-22
5.84154675e+02 1.41711139e-08 1.77260176e+04 9.98036843e-23
5.95040570e+02 1.34596180e-08 1.77661923e+04 9.44257436e-23
6.06129327e+02 1.27838446e-08 1.78064581e+04 8.93375942e-23
6.17424726e+02 1.21420000e-08 1.78468151e+04 8.45236207e-23
6.28930617e+02 1.15323808e-08 1.78872635e+04 7.99690492e-23
6.40650925e+02 1.09533691e-08 1.79278037e+04 7.56599015e-23
6.52589644e+02 1.04034280e-08 1.79684357e+04 7.15829532e-23
6.64750845e+02 9.88109816e-09 1.80091598e+04 6.77256920e-23
6.77138673e+02 9.38499315e-09 1.80499762e+04 6.40762800e-23
6.89757352e+02 8.91379633e-09 1.80908851e+04 6.06235173e-23
7.02611184e+02 8.46625710e-09 1.81318867e+04 5.73568074e-23
7.15704550e+02 8.04118770e-09 1.81729813e+04 5.42661248e-23
7.29041916e+02 7.63745995e-09 1.82141690e+04 5.13419842e-23
7.42627827e+02 7.25400236e-09 1.82554500e+04 4.85754115e-23
7.56466916e+02 6.88979720e-09 1.82968246e+04 4.59579161e-23
7.70563900e+02 6.54387787e-09 1.83382930e+04 4.34814649e-23
7.84923586e+02 6.21532627e-09 1.83798553e+04 4.11384578e-23
7.99550868e+02 5.90327042e-09 1.84215119e+04 3.89217041e-23
8.14450735e+02 5.60688211e-09 1.84632629e+04 3.68244006e-23
8.29628265e+02 5.32537470e-09 1.85051085e+04 3.48401107e-23
8.45088632e+02 5.05800108e-09 1.85470489e+04 3.29627446e-23
8.60837108e+02 4.80405160e-09 1.85890844e+04 3.11865407e-23
8.76879062e+02 4.56285229e-09 1.86312151e+04 2.95060480e-23
8.93219962e+02 4.33376299e-09 1.86734414e+04 2.79161089e-23
9.09865379e+02 4.11617569e-09 1.87157633e+04 2.64118440e-23
9.26820989e+02 3.90951289e-09 1.87581812e+04 2.49886367e-23
9.44092572e+02 3.71322611e-09 1.88006952e+04 2.36421192e-23
9.61686016e+02 3.52679440e-09 1.88433056e+04 2.23681591e-23
9.79607318e+02 3.34972295e-09 1.88860125e+04 2.11628465e-23
9.97862590e+02 3.18154181e-09 1.89288162e+04 2.00224824e-23
1.01645805e+03 3.02180463e-09 1.89717169e+04 1.89435671e-23
1.03540005e+03 2.87008744e-09 1.90147149e+04 1.79227894e-23
1.05469503e+03 2.72598759e-09 1.90578103e+04 1.69570164e-23
1.07434959e+03 2.58912263e-09 1.91010034e+04 1.60432843e-23
1.09437041e+03 2.45912932e-09 1.91442944e+04 1.51787888e-23
1.11476433e+03 2.33566264e-09 1.91876835e+04 1.43608769e-23
1.13553829e+03 2.21839491e-09 1.92311709e+04 1.35870383e-23
1.15669938e+03 2.10701490e-09 1.92747569e+04 1.28548981e-23
1.17825481e+03 2.00122700e-09 1.93184417e+04 1.21622094e-23
1.20021194e+03 1.90075044e-09 1.93622255e+04 1.15068464e-23
1.22257824e+03 1.80531856e-09 1.94061085e+04 1.08867978e-23
1.24536135e+03 1.71467807e-09 1.94500910e+04 1.03001606e-23
1.26856903e+03 1.62858841e-09 1.94941732e+04 9.74513446e-24
1.29220918e+03 1.54682109e-09 1.95383553e+04 9.22001601e-24
1.31628988e+03 1.46915911e-09 1.95826375e+04 8.72319368e-24
1.34081933e+03 1.39539634e-09 1.96270201e+04 8.25314270e-24
1.36580590e+03 1.32533701e-09 1.96715032e+04 7.80842052e-24
1.39125809e+03 1.25879518e-09 1.97160872e+04 7.38766228e-24
1.41718460e+03 1.19559425e-09 1.97607722e+04 6.98957667e-24
1.44359425e+03 1.13556648e-09 1.98055585e+04 6.61294199e-24
1.47049606e+03 1.07855255e-09 1.98504463e+04 6.25660233e-24
1.49789918e+03 1.02440115e-09 1.98954359e+04 5.91946411e-24
1.52581298e+03 9.72968552e-10 1.99405274e+04 5.60049265e-24
1.55424695e+03 9.24118256e-10 1.99857211e+04 5.29870902e-24
1.58321080e+03 8.77720610e-10 2.00310172e+04 5.01318707e-24
1.61271440e+03 8.33652473e-10 2.00764160e+04 4.74305052e-24
1.64276781e+03 7.91796886e-10 2.01219177e+04 4.48747033e-24
1.67338128e+03 7.52042762e-10 2.01675225e+04 4.24566212e-24
1.70456523e+03 7.14284592e-10 2.02132307e+04 4.01688380e-24
1.73633031e+03 6.78422165e-10 2.02590424e+04 3.80043324e-24
1.76868733e+03 6.44360300e-10 2.03049580e+04 3.59564617e-24
1.80164734e+03 6.12008595e-10 2.03509777e+04 3.40189408e-24
1.83522157e+03 5.81281188e-10 2.03971016e+04 3.21858236e-24
1.86942147e+03 5.52096526e-10 2.04433301e+04 3.04514843e-24
1.90425869e+03 5.24377152e-10 2.04896634e+04 2.88106002e-24
1.93974511e+03 4.98049499e-10 2.05361017e+04 2.72581355e-24
1.97589284e+03 4.73043690e-10 2.05826452e+04 2.57893256e-24
2.01271418e+03 4.49293360e-10 2.06292942e+04 2.43996628e-24
2.05022170e+03 4.26735474e-10 2.06760489e+04 2.30848823e-24
2.08842819e+03 4.05310162e-10 2.07229097e+04 2.18409490e-24
2.12734667e+03 3.84960562e-10 2.07698766e+04 2.06640452e-24
2.16699040e+03 3.65632663e-10 2.08169499e+04 1.95505592e-24
2.20737290e+03 3.47275170e-10 2.08641300e+04 1.84970735e-24
2.24850795e+03 3.29839360e-10 2.09114170e+04 1.75003552e-24
2.29040956e+03 3.13278958e-10 2.09588111e+04 1.65573451e-24
2.33309202e+03 2.97550012e-10 2.10063127e+04 1.56651494e-24
2.37656988e+03 2.82610776e-10 2.10539219e+04 1.48210298e-24
2.42085796e+03 2.68421602e-10 2.11016390e+04 1.40223958e-24
2.46597136e+03 2.54944831e-10 2.11494643e+04 1.32667963e-24
2.51192546e+03 2.42144694e-10 2.11973980e+04 1.25519124e-24
2.55873593e+03 2.29987220e-10 2.12454403e+04 1.18755502e-24
2.60641873e+03 2.18440142e-10 2.12935915e+04 1.12356339e-24
2.65499012e+03 2.07472814e-10 2.13418518e+04 1.06301996e-24
2.70446664e+03 1.97056127e-10 2.13902215e+04 1.00573892e-24
2.75486517e+03 1.87162436e-10 2.14387008e+04 9.51544488e-25
2.80620290e+03 1.77765483e-10 2.14872900e+04 9.00270330e-25
2.85849732e+03 1.68840326e-10 2.15359893e+04 8.51759090e-25
2.91176626e+03 1.60363279e-10 2.15847990e+04 8.05861887e-25
2.96602788e+03 1.52311844e-10 2.16337193e+04 7.62437864e-25
3.02130069e+03 1.44664650e-10 2.16827505e+04 7.21353753e-25
3.07760352e+03 1.37401403e-10 2.17318928e+04 6.82483467e-25
3.13495557e+03 1.30502825e-10 2.17811465e+04 6.45707714e-25
3.19337639e+03 1.23950608e-10 2.18305119e+04 6.10913629e-25
3.25288590e+03 1.17727361e-10 2.18799891e+04 5.77994431e-25
3.31350439e+03 1.11816567e-10 2.19295784e+04 5.46849090e-25
3.37525252e+03 1.06202539e-10 2.19792802e+04 5.17382021e-25
3.43815135e+03 1.00870378e-10 2.20290945e+04 4.89502791e-25
3.50222231e+03 9.58059305e-11 2.20790218e+04 4.63125839e-25
3.56748726e+03 9.09957565e-11 2.21290623e+04 4.38170214e-25
3.63396844e+03 8.64270891e-11 2.21792161e+04 4.14559328e-25
3.70168851e+03 8.20878030e-11 2.22294836e+04 3.92220718e-25
3.77067057e+03 7.79663816e-11 2.22798651e+04 3.71085829e-25
3.84093813e+03 7.40518863e-11 2.23303607e+04 3.51089798e-25
3.91251515e+03 7.03339279e-11 2.23809708e+04 3.32171257e-25
3.98542602e+03 6.68026388e-11 2.24316956e+04 3.14272145e-25
4.05969561e+03 6.34486469e-11 2.24825353e+04 2.97337529e-25
4.13534924e+03 6.02630504e-11 2.25334903e+04 2.81315439e-25
4.21241269e+03 5.72373947e-11 2.25845608e+04 2.66156703e-25
4.29091224e+03 5.43636495e-11 2.26357470e+04 2.51814798e-25
4.37087466e+03 5.16341879e-11 2.26870492e+04 2.38245709e-25
4.45232720e+03 4.90417656e-11 2.27384677e+04 2.25407793e-25
4.53529763e+03 4.65795023e-11 2.27900027e+04 2.13261651e-25
4.61981424e+03 4.42408630e-11 2.28416545e+04 2.01770005e-25
4.70590584e+03 4.20196409e-11 2.28934234e+04 1.90897590e-25
4.79360178e+03 3.99099407e-11 2.29453096e+04 1.80611036e-25
4.88293197e+03 3.79061633e-11 2.29973134e+04 1.70878776e-25
4.97392685e+03 3.60029905e-11 2.30494351e+04 1.61670940e-25
5.06661744e+03 3.41953712e-11 2.31016749e+04 1.52959270e-25
5.16103535e+03 3.24785079e-11 2.31540331e+04 1.44717031e-25
5.25721277e+03 3.08478439e-11 2.32065100e+04 1.36918926e-25
5.35518248e+03 2.92990515e-11 2.32591058e+04 1.29541023e-25
5.45497789e+03 2.78280201e-11 2.33118208e+04 1.22560680e-25
5.55663301e+03 2.64308454e-11 2.33646553e+04 1.15956474e-25
5.66018250e+03 2.51038193e-11 2.34176095e+04 1.09708137e-25
5.76566168e+03 2.38434199e-11 2.34706838e+04 1.03796493e-25
5.87310648e+03 2.26463019e-11 2.35238783e+04 9.82033990e-26
5.98255355e+03 2.15092883e-11 2.35771934e+04 9.29116900e-26
6.09404021e+03 2.04293612e-11 2.36306293e+04 8.79051257e-26
6.20760444e+03 1.94036545e-11 2.36841864e+04 8.31683410e-26
6.32328498e+03 1.84294460e-11 2.37378648e+04 7.86867990e-26
6.44112127e+03 1.75041500e-11 2.37916649e+04 7.44467456e-26
6.56115346e+03 1.66253108e-11 2.38455869e+04 7.04351684e-26
6.68342249e+03 1.57905959e-11 2.38996311e+04 6.66397558e-26
6.80797004e+03 1.49977899e-11 2.39537978e+04 6.30488597e-26
6.93483857e+03 1.42447887e-11 2.40080873e+04 5.96514598e-26
7.06407134e+03 1.35295938e-11 2.40624998e+04 5.64371294e-26
7.19571239e+03 1.28503070e-11 2.41170357e+04 5.33960038e-26
7.32980661e+03 1.22051255e-11 2.41716951e+04 5.05187498e-26
7.46639972e+03 1.15923370e-11 2.42264784e+04 4.77965373e-26
7.60553829e+03 1.10103150e-11 2.42813859e+04 4.52210117e-26
7.74726974e+03 1.04575149e-11 2.43364179e+04 4.27842687e-26
7.89164239e+03 9.93246942e-12 2.43915745e+04 4.04788302e-26
8.03870548e+03 9.43378519e-12 2.44468562e+04 3.82976206e-26
8.18850913e+03 8.96013864e-12 2.45022631e+04 3.62339460e-26
8.34110441e+03 8.51027268e-12 2.45577957e+04 3.42814728e-26
8.49654335e+03 8.08299337e-12 2.46134541e+04 3.24342090e-26
8.65487895e+03 7.67716666e-12 2.46692386e+04 3.06864854e-26
8.81616517e+03 7.29171550e-12 2.47251496e+04 2.90329383e-26
8.98045701e+03 6.92561686e-12 2.47811873e+04 2.74684928e-26
9.14781048e+03 6.57789911e-12 2.48373520e+04 2.59883478e-26
9.31828262e+03 6.24763939e-12 2.48936439e+04 2.45879606e-26
9.49193157e+03 5.93396118e-12 2.49500635e+04 2.32630336e-26
9.66881652e+03 5.63603196e-12 2.50066110e+04 2.20095006e-26
9.84899777e+03 5.35306102e-12 2.50632866e+04 2.08235144e-26
1.00325367e+04 5.08429733e-12 2.51200906e+04 1.97014353e-26
1.02194960e+04 4.82902759e-12 2.51770234e+04 1.86398197e-26
1.04099394e+04 4.58657430e-12 2.52340852e+04 1.76354094e-26
1.06039316e+04 4.35629398e-12 2.52912764e+04 1.66851220e-26
1.08015390e+04 4.13757545e-12 2.53485971e+04 1.57860410e-26
1.10028289e+04 3.92983822e-12 2.54060478e+04 1.49354071e-26
1.12078699e+04 3.73253096e-12 2.54636287e+04 1.41306098e-26
1.14167318e+04 3.54513000e-12 2.55213401e+04 1.33691792e-26
1.16294860e+04 3.36713797e-12 2.55791823e+04 1.26487784e-26
1.18462049e+04 3.19808247e-12 2.56371556e+04 1.19671965e-26
1.20669624e+04 3.03751481e-12 2.56952603e+04 1.13223418e-26
1.22918338e+04 2.88500886e-12 2.57534967e+04 1.07122353e-26
1.25208958e+04 2.74015984e-12 2.58118650e+04 1.01350044e-26
1.27542264e+04 2.60258333e-12 2.58703657e+04 9.58887775e-27
1.29919051e+04 2.47191419e-12 2.59289989e+04 9.07217923e-27
1.32340131e+04 2.34780561e-12 2.59877650e+04 8.58332310e-27
1.34806329e+04 2.22992822e-12 2.60466643e+04 8.12080908e-27
1.37318484e+04 2.11796915e-12 2.61056971e+04 7.68321772e-27
1.39877455e+04 2.01163126e-12 2.61648637e+04 7.26920606e-27
1.42484113e+04 1.91063233e-12 2.62241644e+04 6.87750349e-27
1.45139346e+04 1.81470430e-12 2.62835995e+04 6.50690789e-27
1.47844061e+04 1.72359258e-12 2.63431693e+04 6.15628190e-27
1.50599178e+04 1.63705534e-12 2.64028741e+04 5.82454947e-27
1.53405638e+04 1.55486293e-12 2.64627142e+04 5.51069250e-27
1.56264398e+04 1.47679718e-12 2.65226900e+04 5.21374777e-27
1.59176431e+04 1.40265092e-12 2.65828017e+04 4.93280397e-27
1.62142731e+04 1.33222736e-12 2.66430496e+04 4.66699888e-27
1.65164308e+04 1.26533958e-12 2.67034340e+04 4.41551674e-27
1.68242194e+04 1.20181008e-12 2.67639554e+04 4.17758577e-27
1.71377437e+04 1.14147022e-12 2.68246138e+04 3.95247576e-27
1.74571106e+04 1.08415988e-12 2.68854098e+04 3.73949584e-27
1.77824290e+04 1.02972695e-12 2.69463436e+04 3.53799239e-27
1.81138098e+04 9.78026959e-13 2.70074154e+04 3.34734699e-27
1.84513660e+04 9.28922694e-13 2.70686257e+04 3.16697455e-27
1.87952127e+04 8.82283829e-13 2.71299747e+04 2.99632152e-27
1.91454670e+04 8.37986584e-13 2.71914627e+04 2.83486415e-27
1.95022484e+04 7.95913392e-13 2.72530901e+04 2.68210695e-27
1.98656786e+04 7.55952589e-13 2.73148572e+04 2.53758110e-27
2.02358814e+04 7.17998117e-13 2.73767643e+04 2.40084306e-27
2.06129830e+04 6.81949243e-13 2.74388116e+04 2.27147317e-27
2.09971120e+04 6.47710292e-13 2.75009996e+04 2.14907440e-27
2.13883994e+04 6.15190392e-13 2.75633286e+04 2.03327111e-27
2.17869785e+04 5.84303235e-13 2.76257988e+04 1.92370790e-27
2.21929853e+04 5.54966844e-13 2.76884106e+04 1.82004853e-27
2.26065581e+04 5.27103359e-13 2.77511643e+04 1.72197487e-27
2.30278380e+04 5.00638829e-13 2.78140602e+04 1.62918592e-27
2.34569686e+04 4.75503017e-13 2.78770987e+04 1.54139692e-27
2.38940961e+04 4.51629210e-13 2.79402800e+04 1.45833845e-27
2.43393696e+04 4.28954047e-13 2.80036046e+04 1.37975560e-27
2.47929410e+04 4.07417346e-13 2.80670726e+04 1.30540721e-27
2.52549647e+04 3.86961949e-13 2.81306845e+04 1.23506509e-27
2.57255984e+04 3.67533566e-13 2.81944406e+04 1.16851337e-27
2.62050026e+04 3.49080633e-13 2.82583412e+04 1.10554780e-27
2.66933405e+04 3.31554175e-13 2.83223866e+04 1.04597514e-27
2.71907788e+04 3.14907677e-13 2.83865771e+04 9.89612573e-28
2.76974870e+04 2.99096957e-13 2.84509132e+04 9.36287108e-28
2.82136378e+04 2.84080053e-13 2.85153950e+04 8.85835097e-28
2.87394073e+04 2.69817111e-13 2.85800230e+04 8.38101702e-28
2.92749746e+04 2.56270274e-13 2.86447975e+04 7.92940431e-28
2.98205224e+04 2.43403590e-13 2.87097187e+04 7.50212683e-28
3.03762367e+04 2.31182910e-13 2.87747872e+04 7.09787328e-28
3.09423068e+04 2.19575800e-13 2.88400030e+04 6.71540301e-28
3.15189258e+04 2.08551453e-13 2.89053667e+04 6.35354223e-28
3.21062903e+04 1.98080611e-13 2.89708786e+04 6.01118038e-28
3.27046005e+04 1.88135483e-13 2.90365389e+04 5.68726677e-28
3.33140604e+04 1.78689675e-13 2.91023480e+04 5.38080730e-28
3.39348777e+04 1.69718117e-13 2.91683063e+04 5.09086147e-28
3.45672642e+04 1.61196999e-13 2.92344141e+04 4.81653941e-28
3.52114353e+04 1.53103704e-13 2.93006717e+04 4.55699926e-28
3.58676108e+04 1.45416754e-13 2.93670794e+04 4.31144448e-28
3.65360143e+04 1.38115745e-13 2.94336377e+04 4.07912146e-28
3.72168738e+04 1.31181302e-13 2.95003468e+04 3.85931722e-28
3.79104212e+04 1.24595020e-13 2.95672071e+04 3.65135716e-28
3.86168931e+04 1.18339418e-13 2.96342190e+04 3.45460308e-28
3.93365303e+04 1.12397895e-13 2.97013827e+04 3.26845113e-28
4.00695781e+04 1.06754680e-13 2.97686986e+04 3.09233001e-28
4.08162865e+04 1.01394797e-13 2.98361672e+04 2.92569921e-28
4.15769101e+04 9.63040200e-14 2.99037886e+04 2.76804735e-28
4.23517081e+04 9.14688381e-14 2.99715633e+04 2.61889058e-28
4.31409446e+04 8.68764186e-14 3.00394916e+04 2.47777116e-28
4.39448889e+04 8.25145728e-14 3.01075738e+04 2.34425598e-28
4.47638148e+04 7.83717243e-14 3.01758103e+04 2.21793530e-28
4.55980017e+04 7.44368777e-14 3.02442015e+04 2.09842143e-28
4.64477340e+04 7.06995899e-14 3.03127477e+04 1.98534758e-28
4.73133012e+04 6.71499419e-14 3.03814493e+04 1.87836675e-28
4.81949985e+04 6.37785127e-14 3.04503066e+04 1.77715059e-28
4.90931265e+04 6.05763545e-14 3.05193199e+04 1.68138849e-28
5.00079914e+04 5.75349686e-14 3.05884896e+04 1.59078655e-28
5.09399051e+04 5.46462830e-14 3.06578161e+04 1.50506671e-28
5.18891853e+04 5.19026310e-14 3.07272998e+04 1.42396590e-28
5.28561556e+04 4.92967309e-14 3.07969409e+04 1.34723522e-28
5.38411456e+04 4.68216664e-14 3.08667398e+04 1.27463919e-28
5.48444913e+04 4.44708687e-14 3.09366970e+04 1.20595501e-28
5.58665345e+04 4.22380985e-14 3.10068127e+04 1.14097190e-28
5.69076239e+04 4.01174302e-14 3.10770873e+04 1.07949041e-28
5.79681143e+04 3.81032352e-14 3.11475211e+04 1.02132186e-28
5.90483672e+04 3.61901679e-14 3.12181146e+04 9.66287733e-29
6.01487509e+04 3.43731509e-14 3.12888681e+04 9.14219132e-29
6.12696406e+04 3.26473617e-14 3.13597820e+04 8.64956258e-29
6.24114185e+04 3.10082201e-14 3.14308566e+04 8.18347923e-29
6.35744737e+04 2.94513756e-14 3.15020923e+04 7.74251088e-29
6.47592028e+04 2.79726963e-14 3.15734894e+04 7.32530419e-29
6.59660096e+04 2.65682578e-14 3.16450483e+04 6.93057876e-29
6.71953057e+04 2.52343326e-14 3.17167694e+04 6.55712319e-29
6.84475100e+04 2.39673805e-14 3.17886531e+04 6.20379135e-29
6.97230496e+04 2.27640388e-14 3.18606997e+04 5.86949885e-29
7.10223592e+04 2.16211138e-14 3.19329096e+04 5.55321978e-29
7.23458818e+04 2.05355722e-14 3.20052831e+04 5.25398346e-29
7.36940687e+04 1.95045330e-14 3.20778206e+04 4.97087155e-29
7.50673794e+04 1.85252596e-14 3.21505226e+04 4.70301518e-29
7.64662821e+04 1.75951530e-14 3.22233893e+04 4.44959230e-29
7.78912539e+04 1.67117448e-14 3.22964212e+04 4.20982516e-29
7.93427804e+04 1.58726903e-14 3.23696186e+04 3.98297792e-29
8.08213565e+04 1.50757625e-14 3.24429819e+04 3.76835439e-29
8.23274863e+04 1.43188465e-14 3.25165115e+04 3.56529589e-29
8.38616833e+04 1.35999334e-14 3.25902077e+04 3.37317923e-29
8.54244705e+04 1.29171150e-14 3.26640710e+04 3.19141482e-29
8.70163808e+04 1.22685793e-14 3.27381016e+04 3.01944482e-29
8.86379567e+04 1.16526049e-14 3.28123001e+04 2.85674145e-29
9.02897512e+04 1.10675570e-14 3.28866667e+04 2.70280539e-29
9.19723273e+04 1.05118829e-14 3.29612018e+04 2.55716420e-29
9.36862588e+04 9.98410775e-15 3.30359059e+04 2.41937091e-29
9.54321299e+04 9.48283089e-15 3.31107793e+04 2.28900265e-29
9.72105358e+04 9.00672188e-15 3.31858224e+04 2.16565930e-29
9.90220828e+04 8.55451710e-15 3.32610355e+04 2.04896233e-29
1.00867389e+05 8.12501638e-15 3.33364192e+04 1.93855360e-29
1.02747082e+05 7.71707981e-15 3.34119737e+04 1.83409427e-29
1.04661804e+05 7.32962470e-15 3.34876994e+04 1.73526374e-29
1.06612208e+05 6.96162274e-15 3.35635967e+04 1.64175872e-29
1.08598958e+05 6.61209723e-15 3.36396661e+04 1.55329224e-29
1.10622731e+05 6.28012051e-15 3.37159079e+04 1.46959279e-29
1.12684219e+05 5.96481150e-15 3.37923224e+04 1.39040350e-29
1.14784122e+05 5.66533337e-15 3.38689102e+04 1.31548134e-29
1.16923158e+05 5.38089127e-15 3.39456715e+04 1.24459637e-29
1.19102056e+05 5.11073030e-15 3.40226068e+04 1.17753106e-29
1.21321558e+05 4.85413343e-15 3.40997165e+04 1.11407957e-29
1.23582421e+05 4.61041963e-15 3.41770009e+04 1.05404718e-29
1.25885416e+05 4.37894210e-15 3.42544605e+04 9.97249640e-30
1.28231328e+05 4.15908646e-15 3.43320957e+04 9.43512651e-30
1.30620956e+05 3.95026922e-15 3.44099068e+04 8.92671290e-30
1.33055116e+05 3.75193617e-15 3.44878942e+04 8.44569526e-30
1.35534638e+05 3.56356093e-15 3.45660585e+04 7.99059734e-30
1.38060366e+05 3.38464352e-15 3.46443998e+04 7.56002247e-30
1.40633161e+05 3.21470911e-15 3.47229187e+04 7.15264920e-30
1.43253902e+05 3.05330668e-15 3.48016156e+04 6.76722732e-30
1.45923481e+05 2.90000785e-15 3.48804909e+04 6.40257397e-30
1.48642808e+05 2.75440578e-15 3.49595449e+04 6.05757004e-30
1.51412810e+05 2.61611401e-15 3.50387780e+04 5.73115671e-30
1.54234433e+05 2.48476553e-15 3.51181908e+04 5.42233223e-30
1.57108637e+05 2.36001172e-15 3.51977835e+04 5.13014881e-30
1.60036403e+05 2.24152149e-15 3.52775566e+04 4.85370976e-30
1.63018728e+05 2.12898035e-15 3.53575106e+04 4.59216667e-30
1.66056630e+05 2.02208962e-15 3.54376457e+04 4.34471689e-30
1.69151145e+05 1.92056560e-15 3.55179624e+04 4.11060098e-30
1.72303326e+05 1.82413885e-15 3.55984612e+04 3.88910045e-30
1.75514250e+05 1.73255344e-15 3.56791425e+04 3.67953553e-30
1.78785009e+05 1.64556630e-15 3.57600065e+04 3.48126305e-30
1.82116721e+05 1.56294657e-15 3.58410539e+04 3.29367452e-30
1.85510520e+05 1.48447496e-15 3.59222850e+04 3.11619423e-30
1.88967563e+05 1.40994322e-15 3.60037001e+04 2.94827750e-30
1.92489029e+05 1.33915353e-15 3.60852998e+04 2.78940900e-30
1.96076119e+05 1.27191801e-15 3.61670844e+04 2.63910116e-30
1.99730055e+05 1.20805822e-15 3.62490544e+04 2.49689269e-30
2.03452084e+05 1.14740466e-15 3.63312101e+04 2.36234714e-30
2.07243474e+05 1.08979637e-15 3.64135521e+04 2.23505161e-30
2.11105517e+05 1.03508044e-15 3.64960806e+04 2.11461543e-30
2.15039530e+05 9.83111665e-16 3.65787962e+04 2.00066897e-30
2.19046855e+05 9.33752109e-16 3.66616993e+04 1.89286253e-30
2.23128858e+05 8.86870771e-16 3.67447903e+04 1.79086527e-30
2.27286930e+05 8.42343228e-16 3.68280696e+04 1.69436415e-30
2.31522489e+05 8.00051300e-16 3.69115376e+04 1.60306301e-30
2.35836979e+05 7.59882742e-16 3.69951949e+04 1.51668165e-30
2.40231871e+05 7.21730947e-16 3.70790417e+04 1.43495497e-30
2.44708663e+05 6.85494657e-16 3.71630785e+04 1.35763215e-30
2.49268881e+05 6.51077700e-16 3.72473059e+04 1.28447588e-30
2.53914080e+05 6.18388732e-16 3.73317241e+04 1.21526165e-30
2.58645844e+05 5.87340994e-16 3.74163336e+04 1.14977704e-30
2.63465786e+05 5.57852084e-16 3.75011349e+04 1.08782108e-30
2.68375548e+05 5.29843739e-16 3.75861284e+04 1.02920363e-30
2.73376806e+05 5.03241621e-16 3.76713145e+04 9.73744797e-31
2.78471263e+05 4.77975129e-16 3.77566937e+04 9.21274371e-31
2.83660657e+05 4.53977204e-16 3.78422664e+04 8.71631324e-31
2.88946757e+05 4.31184154e-16 3.79280331e+04 8.24663302e-31
2.94331366e+05 4.09535486e-16 3.80139941e+04 7.80226162e-31
2.99816317e+05 3.88973742e-16 3.81001500e+04 7.38183525e-31
3.05403483e+05 3.69444352e-16 3.81865011e+04 6.98406363e-31
3.11094767e+05 3.50895483e-16 3.82730479e+04 6.60772602e-31
3.16892110e+05 3.33277906e-16 3.83597909e+04 6.25166743e-31
3.22797488e+05 3.16544864e-16 3.84467304e+04 5.91479513e-31
3.28812914e+05 3.00651945e-16 3.85338671e+04 5.59607525e-31
3.34940440e+05 2.85556969e-16 3.86212012e+04 5.29452966e-31
3.41182154e+05 2.71219874e-16 3.87087332e+04 5.00923291e-31
3.47540184e+05 2.57602609e-16 3.87964636e+04 4.73930943e-31
3.54016698e+05 2.44669032e-16 3.88843929e+04 4.48393083e-31
3.60613904e+05 2.32384817e-16 3.89725214e+04 4.24231335e-31
3.67334050e+05 2.20717362e-16 3.90608497e+04 4.01371548e-31
3.74179428e+05 2.09635700e-16 3.91493782e+04 3.79743565e-31
3.81152373e+05 1.99110420e-16 3.92381073e+04 3.59281010e-31
3.88255259e+05 1.89113588e-16 3.93270375e+04 3.39921083e-31
3.95490511e+05 1.79618672e-16 3.94161693e+04 3.21604370e-31
4.02860593e+05 1.70600472e-16 3.95055031e+04 3.04274657e-31
4.10368019e+05 1.62035053e-16 3.95950393e+04 2.87878758e-31
4.18015348e+05 1.53899681e-16 3.96847785e+04 2.72366356e-31
4.25805188e+05 1.46172767e-16 3.97747210e+04 2.57689842e-31
4.33740193e+05 1.38833801e-16 3.98648675e+04 2.43804176e-31
4.41823070e+05 1.31863306e-16 3.99552182e+04 2.30666741e-31
4.50056573e+05 1.25242782e-16 4.00457737e+04 2.18237219e-31
4.58443510e+05 1.18954658e-16 4.01365344e+04 2.06477464e-31
4.66986740e+05 1.12982245e-16 4.02275008e+04 1.95351386e-31
4.75689176e+05 1.07309691e-16 4.03186734e+04 1.84824839e-31
4.84553784e+05 1.01921943e-16 4.04100527e+04 1.74865517e-31
4.93583587e+05 9.68046990e-17 4.05016390e+04 1.65442855e-31
5.02781662e+05 9.19443793e-17 4.05934329e+04 1.56527935e-31
5.12151147e+05 8.73280840e-17 4.06854349e+04 1.48093397e-31
5.21695235e+05 8.29435613e-17 4.07776453e+04 1.40113356e-31
5.31417179e+05 7.87791743e-17 4.08700648e+04 1.32563321e-31
5.41320295e+05 7.48238708e-17 4.09626937e+04 1.25420121e-31
5.51407959e+05 7.10671530e-17 4.10555326e+04 1.18661833e-31
5.61683609e+05 6.74990506e-17 4.11485818e+04 1.12267718e-31
5.72150749e+05 6.41100935e-17 4.12418420e+04 1.06218150e-31
5.82812947e+05 6.08912875e-17 4.13353135e+04 1.00494564e-31
5.93673838e+05 5.78340896e-17 4.14289969e+04 9.50793955e-32
6.04737125e+05 5.49303859e-17 4.15228926e+04 8.99560240e-32
6.16006580e+05 5.21724698e-17 4.16170011e+04 8.51087263e-32
6.27486044e+05 4.95530217e-17 4.17113229e+04 8.05226262e-32
6.39179432e+05 4.70650895e-17 4.18058585e+04 7.61836490e-32
6.51090729e+05 4.47020701e-17 4.19006083e+04 7.20784784e-32
6.63223997e+05 4.24576920e-17 4.19955729e+04 6.81945157e-32
6.75583372e+05 4.03259984e-17 4.20907527e+04 6.45198411e-32
6.88173068e+05 3.83013318e-17 4.21861482e+04 6.10431770e-32
7.00997376e+05 3.63783185e-17 4.22817599e+04 5.77538537e-32
7.14060669e+05 3.45518549e-17 4.23775883e+04 5.46417761e-32
7.27367400e+05 3.28170935e-17 4.24736339e+04 5.16973935e-32
7.40922106e+05 3.11694300e-17 4.25698972e+04 4.89116695e-32
7.54729408e+05 2.96044916e-17 4.26663787e+04 4.62760548e-32
7.68794014e+05 2.81181248e-17 4.27630788e+04 4.37824606e-32
7.83120717e+05 2.67063847e-17 4.28599981e+04 4.14232343e-32
7.97714402e+05 2.53655245e-17 4.29571371e+04 3.91911354e-32
8.12580046e+05 2.40919855e-17 4.30544962e+04 3.70793135e-32
8.27722715e+05 2.28823877e-17 4.31520760e+04 3.50812875e-32
8.43147572e+05 2.17335207e-17 4.32498769e+04 3.31909256e-32
8.58859876e+05 2.06423355e-17 4.33478995e+04 3.14024262e-32
8.74864983e+05 1.96059359e-17 4.34461442e+04 2.97103004e-32
8.91168350e+05 1.86215713e-17 4.35446116e+04 2.81093551e-32
9.07775535e+05 1.76866292e-17 4.36433022e+04 2.65946771e-32
9.24692200e+05 1.67986282e-17 4.37422165e+04 2.51616178e-32
9.41924112e+05 1.59552115e-17 4.38413549e+04 2.38057792e-32
9.59477146e+05 1.51541405e-17 4.39407180e+04 2.25230002e-32
9.77357286e+05 1.43932894e-17 4.40403064e+04 2.13093440e-32
9.95570627e+05 1.36706386e-17 4.41401204e+04 2.01610859e-32
1.01412338e+06 1.29842704e-17 4.42401606e+04 1.90747019e-32
1.03302187e+06 1.23323629e-17 4.43404276e+04 1.80468579e-32
1.05227254e+06 1.17131861e-17 4.44409219e+04 1.70743995e-32
1.07188194e+06 1.11250966e-17 4.45416439e+04 1.61543422e-32
1.09185678e+06 1.05665335e-17 4.46425941e+04 1.52838624e-32
1.11220385e+06 1.00360146e-17 4.47437732e+04 1.44602885e-32
1.13293010e+06 9.53213158e-18 4.48451816e+04 1.36810931e-32
1.15404259e+06 9.05354731e-18 4.49468198e+04 1.29438847e-32
1.17554851e+06 8.59899154e-18 4.50486884e+04 1.22464010e-32
1.19745521e+06 8.16725787e-18 4.51507879e+04 1.15865013e-32
1.21977014e+06 7.75720046e-18 4.52531187e+04 1.09621605e-32
1.24250091e+06 7.36773100e-18 4.53556815e+04 1.03714623e-32
1.26565528e+06 6.99781581e-18 4.54584767e+04 9.81259410e-33
1.28924114e+06 6.64647314e-18 4.55615050e+04 9.28384057e-33
1.31326653e+06 6.31277049e-18 4.56647667e+04 8.78357904e-33
1.33773964e+06 5.99582221e-18 4.57682624e+04 8.31027419e-33
1.36266882e+06 5.69478711e-18 4.58719927e+04 7.86247346e-33
1.38806255e+06 5.40886622e-18 4.59759582e+04 7.43880257e-33
1.41392951e+06 5.13730069e-18 4.60801592e+04 7.03796126e-33
1.44027850e+06 4.87936978e-18 4.61845964e+04 6.65871936e-33
1.46711852e+06 4.63438894e-18 4.62892703e+04 6.29991298e-33
1.49445870e+06 4.40170796e-18 4.63941815e+04 5.96044096e-33
1.52230838e+06 4.18070931e-18 4.64993304e+04 5.63926145e-33
1.55067705e+06 3.97080645e-18 4.66047176e+04 5.33538876e-33
1.57957437e+06 3.77144227e-18 4.67103437e+04 5.04789031e-33
1.60901021e+06 3.58208767e-18 4.68162092e+04 4.77588377e-33
1.63899459e+06 3.40224009e-18 4.69223146e+04 4.51853435e-33
1.66953773e+06 3.23142220e-18 4.70286605e+04 4.27505226e-33
1.70065006e+06 3.06918064e-18 4.71352474e+04 4.04469024e-33
1.73234218e+06 2.91508483e-18 4.72420759e+04 3.82674133e-33
1.76462488e+06 2.76872577e-18 4.73491465e+04 3.62053664e-33
1.79750919e+06 2.62971504e-18 4.74564597e+04 3.42544332e-33
1.83100630e+06 2.49768368e-18 4.75640162e+04 3.24086265e-33
1.86512765e+06 2.37228128e-18 4.76718165e+04 3.06622814e-33
1.89988485e+06 2.25317503e-18 4.77798611e+04 2.90100385e-33
1.93528977e+06 2.14004879e-18 4.78881505e+04 2.74468270e-33
1.97135446e+06 2.03260234e-18 4.79966854e+04 2.59678494e-33
2.00809123e+06 1.93055051e-18 4.81054663e+04 2.45685668e-33
2.04551261e+06 1.83362244e-18 4.82144937e+04 2.32446849e-33
2.08363134e+06 1.74156088e-18 4.83237682e+04 2.19921406e-33
2.12246042e+06 1.65412150e-18 4.84332904e+04 2.08070898e-33
2.16201310e+06 1.57107224e-18 4.85430608e+04 1.96858958e-33
2.20230285e+06 1.49219266e-18 4.86530800e+04 1.86251175e-33
2.24334341e+06 1.41727344e-18 4.87633485e+04 1.76214995e-33
2.28514878e+06 1.34611571e-18 4.88738670e+04 1.66719616e-33
2.32773320e+06 1.27853064e-18 4.89846359e+04 1.57735897e-33
2.37111120e+06 1.21433884e-18 4.90956559e+04 1.49236268e-33
2.41529756e+06 1.15336995e-18 4.92069275e+04 1.41194643e-33
2.46030734e+06 1.09546216e-18 4.93184513e+04 1.33586342e-33
2.50615589e+06 1.04046177e-18 4.94302278e+04 1.26388017e-33
2.55285885e+06 9.88222806e-19 4.95422577e+04 1.19577574e-33
2.60043212e+06 9.38606632e-19 4.96545415e+04 1.13134113e-33
2.64889194e+06 8.91481561e-19 4.97670798e+04 1.07037860e-33
2.69825483e+06 8.46722521e-19 4.98798731e+04 1.01270104e-33
2.74853760e+06 8.04210720e-19 4.99929221e+04 9.58131451e-34
2.79975741e+06 7.63833329e-19 5.01062273e+04 9.06502353e-34
2.85193172e+06 7.25483185e-19 5.02197893e+04 8.57655299e-34
2.90507831e+06 6.89058504e-19 5.03336086e+04 8.11440378e-34
2.95921530e+06 6.54462615e-19 5.04476860e+04 7.67715757e-34
3.01436115e+06 6.21603699e-19 5.05620218e+04 7.26347246e-34
3.07053466e+06 5.90394545e-19 5.06766168e+04 6.87207885e-34
3.12775498e+06 5.60752325e-19 5.07914716e+04 6.50177555e-34
3.18604161e+06 5.32598366e-19 5.09065866e+04 6.15142613e-34
3.24541444e+06 5.05857945e-19 5.10219626e+04 5.81995534e-34
3.30589370e+06 4.80460094e-19 5.11376000e+04 5.50634593e-34
3.36750000e+06 4.56337405e-19 5.12534995e+04 5.20963542e-34
