1.570796326794896653e-03 4.996471991039094229e-01
3.378219023331332106e-03 5.580694843380212822e-01
5.185641719867767341e-03 6.085400629447912380e-01
6.993064416404203010e-03 5.705164967639960727e-01
8.800487112940638679e-03 5.322916729797040336e-01
1.060790980947707261e-02 6.482038117430405366e-01
1.241533250601350828e-02 6.463099628469384239e-01
1.422275520254994395e-02 5.926173678396466915e-01
1.603017789908638135e-02 5.950348341431740407e-01
1.783760059562281355e-02 5.674606790402231260e-01
1.964502329215924922e-02 5.972456997250937816e-01
2.145244598869568489e-02 6.020861287454496447e-01
2.325986868523212056e-02 5.325568786998781112e-01
2.506729138176855623e-02 5.894385988613702887e-01
2.687471407830499190e-02 5.958149322882807519e-01
2.868213677484142757e-02 5.704084042731540904e-01
3.048955947137786324e-02 5.707339293054994878e-01
3.229698216791430238e-02 5.620784832096110684e-01
3.410440486445073111e-02 5.782974890619713149e-01
3.591182756098716677e-02 5.737799099064140318e-01
3.771925025752360244e-02 5.752718130867894297e-01
3.952667295406003811e-02 5.659517681631719421e-01
4.133409565059647378e-02 5.584288979395143349e-01
4.314151834713290945e-02 5.539192874734293337e-01
4.494894104366934512e-02 5.600713726103322410e-01
4.675636374020578079e-02 5.533374478117374373e-01
4.856378643674221646e-02 5.419899009889024288e-01
5.037120913327865213e-02 5.536571089130647438e-01
5.217863182981508779e-02 5.387822173338280285e-01
5.398605452635152346e-02 5.411143549437286149e-01
5.579347722288795913e-02 5.458022026510035429e-01
5.760089991942439480e-02 5.387277821771568886e-01
5.940832261596083047e-02 5.439424497383285040e-01
6.121574531249726614e-02 5.380736197957598499e-01
6.302316800903370875e-02 5.325543302879239826e-01
6.483059070557013748e-02 5.347878031214838845e-01
6.663801340210656621e-02 5.367114111621403838e-01
6.844543609864300882e-02 5.312656683946390679e-01
7.025285879517943755e-02 5.269703711868901630e-01
7.206028149171588015e-02 5.212902099310097181e-01
7.386770418825230888e-02 5.218717585240006951e-01
7.567512688478875149e-02 5.112653121647519061e-01
7.748254958132518022e-02 5.176147592653611573e-01
7.928997227786162283e-02 5.133410106510045701e-01
8.109739497439805156e-02 5.164197464068619459e-01
8.290481767093449417e-02 5.089485258123598310e-01
8.471224036747092290e-02 5.088753054170694901e-01
8.651966306400736550e-02 5.142792608528352627e-01
8.832708576054379424e-02 5.154393064161599813e-01
9.013450845708023684e-02 5.060294270813351369e-01
9.194193115361666557e-02 5.048504829930693383e-01
9.374935385015310818e-02 5.076925401013573369e-01
9.555677654668953691e-02 5.056382277537808667e-01
9.736419924322597952e-02 4.990805388430977207e-01
9.917162193976240825e-02 5.022566147640808998e-01
1.009790446362988509e-01 4.957613601549841764e-01
1.027864673328352796e-01 5.011032437658048400e-01
1.045938900293717222e-01 5.001803773878344961e-01
1.064013127259081509e-01 5.007979344601193317e-01
1.082087354224445935e-01 5.035972059713285098e-01
1.100161581189810223e-01 4.961864744590131493e-01
1.118235808155174649e-01 4.894554206256734874e-01
1.136310035120538936e-01 4.908111882230511425e-01
1.154384262085903362e-01 4.929452788075110448e-01
1.172458489051267649e-01 4.921646278707302313e-01
1.190532716016631937e-01 4.868893603618743016e-01
1.208606942981996363e-01 4.809981193385273746e-01
1.226681169947360650e-01 4.830825713154411893e-01
1.244755396912725076e-01 4.849934043099794478e-01
1.262829623878089502e-01 4.829897956805901948e-01
1.280903850843453928e-01 4.829513350046559239e-01
1.298978077808818354e-01 4.822979322946029934e-01
1.317052304774182503e-01 4.782925710297660227e-01
1.335126531739546929e-01 4.774196267555382289e-01
1.353200758704911355e-01 4.717821533321918115e-01
1.371274985670275781e-01 4.705357122400128378e-01
1.389349212635639930e-01 4.697375460699232952e-01
1.407423439601004356e-01 4.742403822967557470e-01
1.425497666566368782e-01 4.749846071743794584e-01
1.443571893531733208e-01 4.715524292676078755e-01
1.461646120497097356e-01 4.756729333585127395e-01
1.479720347462461782e-01 4.713940006952258566e-01
1.497794574427826209e-01 4.696430020420304663e-01
1.515868801393190635e-01 4.662408177615284255e-01
1.533943028358554783e-01 4.648964261737979498e-01
1.552017255323919209e-01 4.665766586513596104e-01
1.570091482289283635e-01 4.688882078108106422e-01
1.588165709254648061e-01 4.674675810631675477e-01
1.606239936220012210e-01 4.663297635220536308e-01
1.624314163185376636e-01 4.633531581932917032e-01
1.642388390150741062e-01 4.636190470636983307e-01
1.660462617116105488e-01 4.645382940219393575e-01
1.678536844081469637e-01 4.587132018911661002e-01
1.696611071046834063e-01 4.597231963275262290e-01
1.714685298012198489e-01 4.599941121406320166e-01
1.732759524977562915e-01 4.602528305932355734e-01
1.750833751942927063e-01 4.582714453858388604e-01
1.768907978908291490e-01 4.578184634181340917e-01
1.786982205873655916e-01 4.573236596803567644e-01
1.805056432839020064e-01 4.558475150035665724e-01
1.823130659804384490e-01 4.552544931427559005e-01
1.841204886769748916e-01 4.551786100289625936e-01
1.859279113735113342e-01 4.577297575351307324e-01
1.877353340700477491e-01 4.554023250437059800e-01
1.895427567665841917e-01 4.536847979214344018e-01
1.913501794631206343e-01 4.525184943002773519e-01
1.931576021596570769e-01 4.516115993884365354e-01
1.949650248561934918e-01 4.524889568222012493e-01
1.967724475527299344e-01 4.514789460388149434e-01
1.985798702492663770e-01 4.523728964742886327e-01
2.003872929458028196e-01 4.512955626861370750e-01
2.021947156423392344e-01 4.529677047271275514e-01
2.040021383388756770e-01 4.500277545938061730e-01
2.058095610354121197e-01 4.496382198188924595e-01
2.076169837319485623e-01 4.492199943595951428e-01
2.094244064284849771e-01 4.493440475724826411e-01
2.112318291250214197e-01 4.497433322332944350e-01
2.130392518215578623e-01 4.477785782223427380e-01
2.148466745180943049e-01 4.490695636943888847e-01
2.166540972146307198e-01 4.480252346501994998e-01
2.184615199111671624e-01 4.479634776065375412e-01
2.202689426077036050e-01 4.488079722516080672e-01
2.220763653042400476e-01 4.486205030684050632e-01
2.238837880007764625e-01 4.476371768677511187e-01
2.256912106973129051e-01 4.461496664964186842e-01
2.274986333938493477e-01 4.478453713678358095e-01
2.293060560903857903e-01 4.469289095783756660e-01
2.311134787869222051e-01 4.443218958976097865e-01
2.329209014834586478e-01 4.447308273484537056e-01
2.347283241799950904e-01 4.472385254511259123e-01
2.365357468765315052e-01 4.456358347922627083e-01
2.383431695730679478e-01 4.462189115422552921e-01
2.401505922696043904e-01 4.458125836178054024e-01
2.419580149661408330e-01 4.451133143505755507e-01
2.437654376626772479e-01 4.452250340368149040e-01
2.455728603592136905e-01 4.455075178873750263e-01
2.473802830557501331e-01 4.465181534186324352e-01
2.491877057522865757e-01 4.459672325995391873e-01
2.509951284488229906e-01 4.472562176121909205e-01
2.528025511453594332e-01 4.466886268837484408e-01
2.546099738418958758e-01 4.473706685656846371e-01
2.564173965384323184e-01 4.486625468581567633e-01
2.582248192349687610e-01 4.485210181249840722e-01
2.600322419315052036e-01 4.484654306413443092e-01
2.618396646280415907e-01 4.454920682111823682e-01
2.636470873245780333e-01 4.452057427914496435e-01
2.654545100211144759e-01 4.465851343916426019e-01
2.672619327176509185e-01 4.463087683474927236e-01
2.690693554141873611e-01 4.465055145344814513e-01
2.708767781107238037e-01 4.474402867786416160e-01
2.726842008072602463e-01 4.487363908663209444e-01
2.744916235037966890e-01 4.484358660447050338e-01
2.762990462003330761e-01 4.478492804674524819e-01
2.781064688968695187e-01 4.483307840518532816e-01
2.799138915934059613e-01 4.476264720730318003e-01
2.817213142899424039e-01 4.468265883716556197e-01
2.835287369864788465e-01 4.487996503623641886e-01
2.853361596830152891e-01 4.500217991290197395e-01
2.871435823795517317e-01 4.495549784791612602e-01
2.889510050760881743e-01 4.507424187927537851e-01
2.907584277726245614e-01 4.506898063625363604e-01
2.925658504691610040e-01 4.511430376119283103e-01
2.943732731656974466e-01 4.520988391372599557e-01
2.961806958622338892e-01 4.529748106058871793e-01
2.979881185587703318e-01 4.510754952835946407e-01
2.997955412553067744e-01 4.499963899177216176e-01
3.016029639518432170e-01 4.509516002192502371e-01
3.034103866483796041e-01 4.517277013299544897e-01
3.052178093449160468e-01 4.529853869603762684e-01
3.070252320414524894e-01 4.534532429984644564e-01
3.088326547379889320e-01 4.537223605179190322e-01
3.106400774345253746e-01 4.548282239340963873e-01
3.124475001310618172e-01 4.555498344937596311e-01
3.142549228275982598e-01 4.564685129003299147e-01
3.160623455241347024e-01 4.577517604211001068e-01
3.178697682206710895e-01 4.584481717027321657e-01
3.196771909172075321e-01 4.580721368985205544e-01
3.214846136137439747e-01 4.590210163535682342e-01
3.232920363102804173e-01 4.569931715791838989e-01
3.250994590068168599e-01 4.571765875036729598e-01
3.269068817033533025e-01 4.563026015650864520e-01
3.287143043998897451e-01 4.572741260963459342e-01
3.305217270964261878e-01 4.555153696047289924e-01
3.323291497929625748e-01 4.547269537161188757e-01
3.341365724894990175e-01 4.516596537662325161e-01
3.359439951860354601e-01 4.527081012474623023e-01
3.377514178825719027e-01 4.541213587873115798e-01
3.395588405791083453e-01 4.529205056846719590e-01
3.413662632756447879e-01 4.528033556396201531e-01
3.431736859721812305e-01 4.528254465986535915e-01
3.449811086687176731e-01 4.515771655960654773e-01
3.467885313652540602e-01 4.520067640077954363e-01
3.485959540617905028e-01 4.510737311470718880e-01
3.504033767583269454e-01 4.512900044802247157e-01
3.522107994548633880e-01 4.515795152816529656e-01
3.540182221513998306e-01 4.521880947680628204e-01
3.558256448479362732e-01 4.517884047535187797e-01
3.576330675444727158e-01 4.501604541879845600e-01
3.594404902410091029e-01 4.511861013332846837e-01
3.612479129375455456e-01 4.512212899209357420e-01
3.630553356340819882e-01 4.506823301516751368e-01
3.648627583306184308e-01 4.499521536818951728e-01
3.666701810271548734e-01 4.520832309386950687e-01
3.684776037236913160e-01 4.530048568901398065e-01
3.702850264202277586e-01 4.513021939154836515e-01
3.720924491167642012e-01 4.525114314801375048e-01
3.738998718133005883e-01 4.531363210253675500e-01
3.757072945098370309e-01 4.534451678771158623e-01
3.775147172063734735e-01 4.538063052384265217e-01
3.793221399029099161e-01 4.539111210082164005e-01
3.811295625994463587e-01 4.548051366760342828e-01
3.829369852959828013e-01 4.568571949782072594e-01
3.847444079925192439e-01 4.579553004962322316e-01
3.865518306890556866e-01 4.577118803642951095e-01
3.883592533855920736e-01 4.587388115386679122e-01
3.901666760821285163e-01 4.586395998869920998e-01
3.919740987786649589e-01 4.571188406821949379e-01
3.937815214752014015e-01 4.566008736853914840e-01
3.955889441717378441e-01 4.590196453209236527e-01
3.973963668682742867e-01 4.603879906662705079e-01
3.992037895648107293e-01 4.608952607767615728e-01
4.010112122613471719e-01 4.616518442461554628e-01
4.028186349578835590e-01 4.622531581540403334e-01
4.046260576544200016e-01 4.627255525350720822e-01
4.064334803509564442e-01 4.632748989989561861e-01
4.082409030474928868e-01 4.641235175352226849e-01
4.100483257440293294e-01 4.661903033089373483e-01
4.118557484405657720e-01 4.664241521286616177e-01
4.136631711371022146e-01 4.663166361891139533e-01
4.154705938336386017e-01 4.655228784022287791e-01
4.172780165301750444e-01 4.686792891632546310e-01
4.190854392267114870e-01 4.703837578000102382e-01
4.208928619232479296e-01 4.696951899828203936e-01
4.227002846197843722e-01 4.691424788948232449e-01
4.245077073163208148e-01 4.689556939141801828e-01
4.263151300128572574e-01 4.709747395522766999e-01
4.281225527093937000e-01 4.705577463818452766e-01
4.299299754059300871e-01 4.677957567972680364e-01
4.317373981024665297e-01 4.702465268039966451e-01
4.335448207990029723e-01 4.685494403095311067e-01
4.353522434955394149e-01 4.687748981670025183e-01
4.371596661920758575e-01 4.716734999590231903e-01
4.389670888886123001e-01 4.736708797621754230e-01
4.407745115851487427e-01 4.720808603610341381e-01
4.425819342816851854e-01 4.714311379272214109e-01
4.443893569782215724e-01 4.734447271288995673e-01
4.461967796747580151e-01 4.744910292388569983e-01
4.480042023712944577e-01 4.760412126631824448e-01
4.498116250678309003e-01 4.738937096210056321e-01
4.516190477643673429e-01 4.737082710581417277e-01
4.534264704609037855e-01 4.745215067361005512e-01
4.552338931574402281e-01 4.725955254601635902e-01
4.570413158539766707e-01 4.727161011969669979e-01
4.588487385505130578e-01 4.740915436097939417e-01
4.606561612470495004e-01 4.724230087169747905e-01
4.624635839435859430e-01 4.719866040416834663e-01
4.642710066401223856e-01 4.729706275247912428e-01
4.660784293366588282e-01 4.741659312962224759e-01
4.678858520331952708e-01 4.753868968307463083e-01
4.696932747297317134e-01 4.717545880745702136e-01
4.715006974262681005e-01 4.736657630480956005e-01
4.733081201228045432e-01 4.766777935388431531e-01
4.751155428193409858e-01 4.795781902092136062e-01
4.769229655158774284e-01 4.802256879703210024e-01
4.787303882124138710e-01 4.802479653192588960e-01
4.805378109089503136e-01 4.837824340964018699e-01
4.823452336054867562e-01 4.825593121450564293e-01
4.841526563020231988e-01 4.836496899388001980e-01
4.859600789985595859e-01 4.862540806783318126e-01
4.877675016950960285e-01 4.884286405292889155e-01
4.895749243916324711e-01 4.937796312717986913e-01
4.913823470881689137e-01 4.932949493328032120e-01
4.931897697847053563e-01 4.934629741103962464e-01
4.949971924812417989e-01 4.908354909975288227e-01
4.968046151777782415e-01 4.849264954333887268e-01
4.986120378743146841e-01 4.973043130457585614e-01
5.004194605708510712e-01 5.021453163759749261e-01
5.022268832673875139e-01 4.944417588406748165e-01
5.040343059639239565e-01 4.996843602885646107e-01
5.058417286604603991e-01 4.970445861877829108e-01
5.076491513569968417e-01 4.958560314395110691e-01
5.094565740535332843e-01 5.008860813146377433e-01
5.112639967500697269e-01 5.093449761644602836e-01
5.130714194466061695e-01 5.076132692714639960e-01
5.148788421431426121e-01 5.098601610072267531e-01
5.166862648396790547e-01 5.090584915402888155e-01
5.184936875362154973e-01 5.095740785110864923e-01
5.203011102327519399e-01 5.015375357676802315e-01
5.221085329292882715e-01 5.105594508295552281e-01
5.239159556258247141e-01 5.095679850467149663e-01
5.257233783223611567e-01 5.159877189002570752e-01
5.275308010188975993e-01 5.015852474918134352e-01
5.293382237154340419e-01 5.052270190121290749e-01
5.311456464119704846e-01 5.028581871034796258e-01
5.329530691085069272e-01 5.121055960482056024e-01
5.347604918050433698e-01 5.045256124354005056e-01
5.365679145015798124e-01 4.928257389524748344e-01
5.383753371981162550e-01 5.088055751693729700e-01
5.401827598946526976e-01 5.127168701552626828e-01
5.419901825911891402e-01 5.350086843561636663e-01
5.437976052877255828e-01 5.055443259286164226e-01
5.456050279842620254e-01 4.970018322674287781e-01
5.474124506807984680e-01 4.818462288072384303e-01
5.492198733773347996e-01 4.757024029785060781e-01
5.510272960738712422e-01 5.211629391214686047e-01
5.528347187704076848e-01 5.080637601115678414e-01
5.546421414669441274e-01 4.670656437158809959e-01
5.564495641634805700e-01 4.248371532665295991e-01
5.582569868600170127e-01 4.998561494947320050e-01
5.600644095565534553e-01 3.676383547605038271e-01
5.618718322530898979e-01 2.886833633177457448e-01
5.636792549496263405e-01 1.900780437904733555e-01
5.654866776461627831e-01 7.803453797554334159e-02
