  0   0   0
  0   0   1
  0   1   1
  0   1   2
  0   2   3
  0   2   5
  1   3   7
  1   4  10
  1   4  13
  1   5  16
  1   5  20
  2   6  23
  2   7  27
  2   7  30
  2   8  34
  2   8  38
  3   9  41
  3  10  44
  3  10  48
  3  11  50
  3  11  53
  3  12  55
  4  13  57
  4  13  58
  4  14  59
  4  14  60
  4  15  60
  5  16  60
  5  16  61
  5  17  61
  5  17  62
  5  18  63
  6  19  63
  6  19  64
  6  20  65
  6  20  66
  6  21  66
  6  21  67
  7  22  69
  7  23  70
  7  23  71
  7  24  71
  7  24  72
  8  25  73
  8  26  74
  8  26  76
  8  27  78
  8  27  80
  9  28  82
  9  29  84
  9  29  86
  9  30  88
  9  30  89
 10  31  91
 10  32  94
 10  32  96
 10  33  98
 10  33 101
 10  34 103
 11  35 105
 11  35 107
 11  36 110
 11  36 112
 11  37 114
 12  38 116
 12  38 119
 12  39 122
 12  39 124
 12  40 126
 13  41 128
 13  41 131
 13  42 133
 13  42 135
 13  43 137
 13  43 139
 14  44 141
 14  45 143
 14  45 145
 14  46 147
 14  46 149
 15  47 151
 15  48 153
 15  48 155
 15  49 156
 15  49 158
 16  50 160
 16  51 161
 16  51 162
 16  52 163
 16  52 165
 16  53 166
 17  54 168
 17  54 169
 17  55 170
 17  55 171
 17  56 171
 18  57 171
 18  57 172
 18  58 172
 18  58 173
 18  59 173
 19  60 173
 19  60 174
 19  61 174
 19  61 175
 19  62 175
 20  63 176
 22  67 176
 24  72 177
 26  78 177
 29  84 178
 33  91 178
 35  99 179
 39 107 179
 42 114 180
 46 123 180
 49 130 181
 53 139 181
 56 146 182
 59 154 182
 62 160 183
 64 166 183
 66 172 184
 69 176 184
 70 180 185
 72 183 185
 73 185 186
 73 186 186
 20  67   0
 20  66   0
 20  64   0
 19  62   0
 18  58   0
 16  55   0
 16  51   0
 14  46   0
 13  43   0
 13  40   0
 12  38   0
 11  36   1
 11  35   2
 11  35   3
 11  35   4
 11  35   5
 11  35   7
 12  36   8
 12  36   9
 13  37  10
 14  38  11
 14  38  13
 15  39  14
 16  40  15
 18  40  16
 19  41  17
 20  42  19
 21  43  21
 22  44  21
 24  45  23
 25  47  25
 27  47  26
 29  49  28
 30  50  30
 32  52  31
 34  53  33
 36  55  35
 38  57  38
 39  58  40
 42  60  42
 44  61  43
 46  63  46
 49  65  48
 50  67  51
 53  68  52
 55  71  55
 57  72  57
 59  74  60
 62  75  62
 64  78  64
 67  80  67
 68  81  69
 71  83  72
 73  86  74
 76  87  76
 77  89  79
 80  90  81
 82  93  84
 85  94  85
 86  96  88
 89  98  90
 91  99  92
 93 101  95
 96 103  96
 97 104  98
 99 106 101
101 108 103
103 109 105
105 111 106
106 112 108
108 114 110
110 114 111
111 116 113
113 117 115
114 118 115
115 119 117
116 120 118
117 121 119
118 121 120
120 122 121
120 123 122
121 123 123
122 124 124
123 125 125
123 125 126
124 126 126
124 126 127
124 126 128
124 126 129
124 126 130
124 126 131
125 127 132
126 128 133
128 130 134
130 132 135
132 134 136
135 137 137
139 141 141
141 143 143
146 147 147
150 151 151
154 156 156
159 161 161
163 165 165
169 170 170
174 175 175
179 180 180
185 186 186
189 190 190
195 196 196
200 201 201
205 206 206
210 211 211
216 216 216
220 220 220
225 225 225
229 230 230
234 234 234
237 237 237
241 241 241
244 244 244
246 246 246
249 249 249
251 251 251
252 252 252
253 253 253
254 254 254
255 255 255
