0.0000e+00 3.7329e-09
7.0035e-03 3.7738e-09
1.4007e-02 3.8151e-09
2.1011e-02 3.8568e-09
2.8014e-02 3.8990e-09
3.5018e-02 3.9416e-09
4.2021e-02 3.9847e-09
4.9025e-02 4.0282e-09
5.6028e-02 4.0721e-09
6.3032e-02 4.1165e-09
7.0035e-02 4.1614e-09
7.7039e-02 4.2068e-09
8.4042e-02 4.2526e-09
9.1046e-02 4.2989e-09
9.8049e-02 4.3456e-09
1.0505e-01 4.3929e-09
1.1206e-01 4.4406e-09
1.1906e-01 4.4889e-09
1.2606e-01 4.5376e-09
1.3307e-01 4.5868e-09
1.4007e-01 4.6366e-09
1.4707e-01 4.6869e-09
1.5408e-01 4.7376e-09
1.6108e-01 4.7890e-09
1.6808e-01 4.8408e-09
1.7509e-01 4.8932e-09
1.8209e-01 4.9461e-09
1.8909e-01 4.9995e-09
1.9610e-01 5.0535e-09
2.0310e-01 5.1081e-09
2.1011e-01 5.1632e-09
2.1711e-01 5.2189e-09
2.2411e-01 5.2752e-09
2.3112e-01 5.3320e-09
2.3812e-01 5.3894e-09
2.4512e-01 5.4474e-09
2.5213e-01 5.5061e-09
2.5913e-01 5.5653e-09
2.6613e-01 5.6251e-09
2.7314e-01 5.6855e-09
2.8014e-01 5.7465e-09
2.8714e-01 5.8082e-09
2.9415e-01 5.8705e-09
3.0115e-01 5.9334e-09
3.0815e-01 5.9970e-09
3.1516e-01 6.0612e-09
3.2216e-01 6.1261e-09
3.2916e-01 6.1916e-09
3.3617e-01 6.2578e-09
3.4317e-01 6.3247e-09
3.5018e-01 6.3923e-09
3.5718e-01 6.4605e-09
3.6418e-01 6.5294e-09
3.7119e-01 6.5991e-09
3.7819e-01 6.6694e-09
3.8519e-01 6.7405e-09
3.9220e-01 6.8122e-09
3.9920e-01 6.8847e-09
4.0620e-01 6.9580e-09
4.1321e-01 7.0319e-09
4.2021e-01 7.1067e-09
4.2721e-01 7.1821e-09
4.3422e-01 7.2584e-09
4.4122e-01 7.3354e-09
4.4822e-01 7.4132e-09
4.5523e-01 7.4918e-09
4.6223e-01 7.5711e-09
4.6923e-01 7.6513e-09
4.7624e-01 7.7322e-09
4.8324e-01 7.8140e-09
4.9025e-01 7.8966e-09
4.9725e-01 7.9801e-09
5.0425e-01 8.0643e-09
5.1126e-01 8.1494e-09
5.1826e-01 8.2354e-09
5.2526e-01 8.3222e-09
5.3227e-01 8.4099e-09
5.3927e-01 8.4985e-09
5.4627e-01 8.5880e-09
5.5328e-01 8.6783e-09
5.6028e-01 8.7696e-09
5.6728e-01 8.8618e-09
5.7429e-01 8.9549e-09
5.8129e-01 9.0489e-09
5.8829e-01 9.1438e-09
5.9530e-01 9.2397e-09
6.0230e-01 9.3366e-09
6.0930e-01 9.4344e-09
6.1631e-01 9.5332e-09
6.2331e-01 9.6330e-09
6.3032e-01 9.7338e-09
6.3732e-01 9.8355e-09
6.4432e-01 9.9383e-09
6.5133e-01 1.0042e-08
6.5833e-01 1.0147e-08
6.6533e-01 1.0253e-08
6.7234e-01 1.0360e-08
6.7934e-01 1.0468e-08
6.8634e-01 1.0577e-08
6.9335e-01 1.0687e-08
7.0035e-01 1.0798e-08
7.0735e-01 1.0910e-08
7.1436e-01 1.1024e-08
7.2136e-01 1.1138e-08
7.2836e-01 1.1254e-08
7.3537e-01 1.1371e-08
7.4237e-01 1.1489e-08
7.4937e-01 1.1608e-08
7.5638e-01 1.1728e-08
7.6338e-01 1.1850e-08
7.7039e-01 1.1972e-08
7.7739e-01 1.2096e-08
7.8439e-01 1.2221e-08
7.9140e-01 1.2347e-08
7.9840e-01 1.2475e-08
8.0540e-01 1.2604e-08
8.1241e-01 1.2734e-08
8.1941e-01 1.2865e-08
8.2641e-01 1.2998e-08
8.3342e-01 1.3132e-08
8.4042e-01 1.3267e-08
8.4742e-01 1.3403e-08
8.5443e-01 1.3541e-08
8.6143e-01 1.3680e-08
8.6843e-01 1.3821e-08
8.7544e-01 1.3963e-08
8.8244e-01 1.4106e-08
8.8944e-01 1.4251e-08
8.9645e-01 1.4397e-08
9.0345e-01 1.4544e-08
9.1046e-01 1.4693e-08
9.1746e-01 1.4844e-08
9.2446e-01 1.4996e-08
9.3147e-01 1.5149e-08
9.3847e-01 1.5304e-08
9.4547e-01 1.5460e-08
9.5248e-01 1.5618e-08
9.5948e-01 1.5777e-08
9.6648e-01 1.5938e-08
9.7349e-01 1.6100e-08
9.8049e-01 1.6264e-08
9.8749e-01 1.6430e-08
9.9450e-01 1.6597e-08
1.0015e+00 1.6766e-08
1.0085e+00 1.6936e-08
1.0155e+00 1.7108e-08
1.0225e+00 1.7282e-08
1.0295e+00 1.7457e-08
1.0365e+00 1.7635e-08
1.0435e+00 1.7813e-08
1.0505e+00 1.7994e-08
1.0575e+00 1.8176e-08
1.0645e+00 1.8360e-08
1.0715e+00 1.8546e-08
1.0785e+00 1.8733e-08
1.0855e+00 1.8922e-08
1.0925e+00 1.9113e-08
1.0995e+00 1.9306e-08
1.1066e+00 1.9501e-08
1.1136e+00 1.9698e-08
1.1206e+00 1.9896e-08
1.1276e+00 2.0096e-08
1.1346e+00 2.0299e-08
1.1416e+00 2.0503e-08
1.1486e+00 2.0709e-08
1.1556e+00 2.0917e-08
1.1626e+00 2.1127e-08
1.1696e+00 2.1339e-08
1.1766e+00 2.1553e-08
1.1836e+00 2.1769e-08
1.1906e+00 2.1987e-08
1.1976e+00 2.2208e-08
1.2046e+00 2.2430e-08
1.2116e+00 2.2654e-08
1.2186e+00 2.2881e-08
1.2256e+00 2.3109e-08
1.2326e+00 2.3340e-08
1.2396e+00 2.3573e-08
1.2466e+00 2.3808e-08
1.2536e+00 2.4046e-08
1.2606e+00 2.4285e-08
1.2676e+00 2.4527e-08
1.2746e+00 2.4771e-08
1.2816e+00 2.5018e-08
1.2886e+00 2.5267e-08
1.2956e+00 2.5518e-08
1.3027e+00 2.5771e-08
1.3097e+00 2.6027e-08
1.3167e+00 2.6285e-08
1.3237e+00 2.6546e-08
1.3307e+00 2.6809e-08
1.3377e+00 2.7075e-08
1.3447e+00 2.7343e-08
1.3517e+00 2.7613e-08
1.3587e+00 2.7886e-08
1.3657e+00 2.8162e-08
1.3727e+00 2.8440e-08
1.3797e+00 2.8721e-08
1.3867e+00 2.9004e-08
1.3937e+00 2.9290e-08
1.4007e+00 2.9579e-08
1.4077e+00 2.9870e-08
1.4147e+00 3.0164e-08
1.4217e+00 3.0461e-08
1.4287e+00 3.0760e-08
1.4357e+00 3.1063e-08
1.4427e+00 3.1368e-08
1.4497e+00 3.1676e-08
1.4567e+00 3.1986e-08
1.4637e+00 3.2300e-08
1.4707e+00 3.2617e-08
1.4777e+00 3.2936e-08
1.4847e+00 3.3259e-08
1.4917e+00 3.3584e-08
1.4987e+00 3.3912e-08
1.5058e+00 3.4244e-08
1.5128e+00 3.4578e-08
1.5198e+00 3.4916e-08
1.5268e+00 3.5256e-08
1.5338e+00 3.5600e-08
1.5408e+00 3.5947e-08
1.5478e+00 3.6297e-08
1.5548e+00 3.6651e-08
1.5618e+00 3.7007e-08
1.5688e+00 3.7367e-08
1.5758e+00 3.7730e-08
1.5828e+00 3.8097e-08
1.5898e+00 3.8466e-08
1.5968e+00 3.8840e-08
1.6038e+00 3.9216e-08
1.6108e+00 3.9596e-08
1.6178e+00 3.9980e-08
1.6248e+00 4.0367e-08
1.6318e+00 4.0757e-08
1.6388e+00 4.1151e-08
1.6458e+00 4.1549e-08
1.6528e+00 4.1950e-08
1.6598e+00 4.2355e-08
1.6668e+00 4.2763e-08
1.6738e+00 4.3176e-08
1.6808e+00 4.3592e-08
1.6878e+00 4.4012e-08
1.6948e+00 4.4435e-08
1.7019e+00 4.4862e-08
1.7089e+00 4.5294e-08
1.7159e+00 4.5729e-08
1.7229e+00 4.6168e-08
1.7299e+00 4.6611e-08
1.7369e+00 4.7058e-08
1.7439e+00 4.7509e-08
1.7509e+00 4.7964e-08
1.7579e+00 4.8424e-08
1.7649e+00 4.8887e-08
1.7719e+00 4.9355e-08
1.7789e+00 4.9826e-08
1.7859e+00 5.0302e-08
1.7929e+00 5.0782e-08
1.7999e+00 5.1267e-08
1.8069e+00 5.1756e-08
1.8139e+00 5.2249e-08
1.8209e+00 5.2747e-08
1.8279e+00 5.3249e-08
1.8349e+00 5.3756e-08
1.8419e+00 5.4267e-08
1.8489e+00 5.4782e-08
1.8559e+00 5.5303e-08
1.8629e+00 5.5828e-08
1.8699e+00 5.6357e-08
1.8769e+00 5.6892e-08
1.8839e+00 5.7431e-08
1.8909e+00 5.7975e-08
1.8979e+00 5.8523e-08
1.9050e+00 5.9077e-08
1.9120e+00 5.9635e-08
1.9190e+00 6.0199e-08
1.9260e+00 6.0767e-08
1.9330e+00 6.1341e-08
1.9400e+00 6.1919e-08
1.9470e+00 6.2503e-08
1.9540e+00 6.3092e-08
1.9610e+00 6.3686e-08
1.9680e+00 6.4285e-08
1.9750e+00 6.4890e-08
1.9820e+00 6.5500e-08
1.9890e+00 6.6115e-08
1.9960e+00 6.6735e-08
2.0030e+00 6.7362e-08
2.0100e+00 6.7993e-08
2.0170e+00 6.8630e-08
2.0240e+00 6.9273e-08
2.0310e+00 6.9922e-08
2.0380e+00 7.0576e-08
2.0450e+00 7.1235e-08
2.0520e+00 7.1901e-08
2.0590e+00 7.2572e-08
2.0660e+00 7.3250e-08
2.0730e+00 7.3933e-08
2.0800e+00 7.4622e-08
2.0870e+00 7.5317e-08
2.0940e+00 7.6019e-08
2.1011e+00 7.6726e-08
2.1081e+00 7.7439e-08
2.1151e+00 7.8159e-08
2.1221e+00 7.8885e-08
2.1291e+00 7.9617e-08
2.1361e+00 8.0356e-08
2.1431e+00 8.1101e-08
2.1501e+00 8.1853e-08
2.1571e+00 8.2611e-08
2.1641e+00 8.3375e-08
2.1711e+00 8.4147e-08
2.1781e+00 8.4925e-08
2.1851e+00 8.5709e-08
2.1921e+00 8.6501e-08
2.1991e+00 8.7299e-08
2.2061e+00 8.8104e-08
2.2131e+00 8.8916e-08
2.2201e+00 8.9735e-08
2.2271e+00 9.0561e-08
2.2341e+00 9.1394e-08
2.2411e+00 9.2235e-08
2.2481e+00 9.3082e-08
2.2551e+00 9.3937e-08
2.2621e+00 9.4799e-08
2.2691e+00 9.5669e-08
2.2761e+00 9.6546e-08
2.2831e+00 9.7431e-08
2.2901e+00 9.8323e-08
2.2971e+00 9.9223e-08
2.3042e+00 1.0013e-07
2.3112e+00 1.0105e-07
2.3182e+00 1.0197e-07
2.3252e+00 1.0290e-07
2.3322e+00 1.0384e-07
2.3392e+00 1.0478e-07
2.3462e+00 1.0574e-07
2.3532e+00 1.0670e-07
2.3602e+00 1.0767e-07
2.3672e+00 1.0865e-07
2.3742e+00 1.0964e-07
2.3812e+00 1.1064e-07
2.3882e+00 1.1164e-07
2.3952e+00 1.1265e-07
2.4022e+00 1.1368e-07
2.4092e+00 1.1471e-07
2.4162e+00 1.1575e-07
2.4232e+00 1.1679e-07
2.4302e+00 1.1785e-07
2.4372e+00 1.1892e-07
2.4442e+00 1.1999e-07
2.4512e+00 1.2107e-07
2.4582e+00 1.2217e-07
2.4652e+00 1.2327e-07
2.4722e+00 1.2438e-07
2.4792e+00 1.2550e-07
2.4862e+00 1.2663e-07
2.4932e+00 1.2777e-07
2.5003e+00 1.2892e-07
2.5073e+00 1.3008e-07
2.5143e+00 1.3124e-07
2.5213e+00 1.3242e-07
2.5283e+00 1.3361e-07
2.5353e+00 1.3481e-07
2.5423e+00 1.3601e-07
2.5493e+00 1.3723e-07
2.5563e+00 1.3846e-07
2.5633e+00 1.3970e-07
2.5703e+00 1.4095e-07
2.5773e+00 1.4221e-07
2.5843e+00 1.4348e-07
2.5913e+00 1.4476e-07
2.5983e+00 1.4605e-07
2.6053e+00 1.4735e-07
2.6123e+00 1.4866e-07
2.6193e+00 1.4998e-07
2.6263e+00 1.5132e-07
2.6333e+00 1.5266e-07
2.6403e+00 1.5402e-07
2.6473e+00 1.5538e-07
2.6543e+00 1.5676e-07
2.6613e+00 1.5815e-07
2.6683e+00 1.5955e-07
2.6753e+00 1.6096e-07
2.6823e+00 1.6239e-07
2.6893e+00 1.6383e-07
2.6963e+00 1.6527e-07
2.7034e+00 1.6673e-07
2.7104e+00 1.6820e-07
2.7174e+00 1.6969e-07
2.7244e+00 1.7118e-07
2.7314e+00 1.7269e-07
2.7384e+00 1.7421e-07
2.7454e+00 1.7575e-07
2.7524e+00 1.7729e-07
2.7594e+00 1.7885e-07
2.7664e+00 1.8042e-07
2.7734e+00 1.8200e-07
2.7804e+00 1.8360e-07
2.7874e+00 1.8521e-07
2.7944e+00 1.8683e-07
2.8014e+00 1.8847e-07
2.8084e+00 1.9012e-07
2.8154e+00 1.9178e-07
2.8224e+00 1.9346e-07
2.8294e+00 1.9514e-07
2.8364e+00 1.9685e-07
2.8434e+00 1.9856e-07
2.8504e+00 2.0030e-07
2.8574e+00 2.0204e-07
2.8644e+00 2.0380e-07
2.8714e+00 2.0557e-07
2.8784e+00 2.0736e-07
2.8854e+00 2.0916e-07
2.8924e+00 2.1098e-07
2.8994e+00 2.1281e-07
2.9065e+00 2.1465e-07
2.9135e+00 2.1651e-07
2.9205e+00 2.1839e-07
2.9275e+00 2.2028e-07
2.9345e+00 2.2219e-07
2.9415e+00 2.2411e-07
2.9485e+00 2.2604e-07
2.9555e+00 2.2800e-07
2.9625e+00 2.2996e-07
2.9695e+00 2.3195e-07
2.9765e+00 2.3394e-07
2.9835e+00 2.3596e-07
2.9905e+00 2.3799e-07
2.9975e+00 2.4004e-07
3.0045e+00 2.4210e-07
3.0115e+00 2.4418e-07
3.0185e+00 2.4628e-07
3.0255e+00 2.4839e-07
3.0325e+00 2.5052e-07
3.0395e+00 2.5267e-07
3.0465e+00 2.5483e-07
3.0535e+00 2.5701e-07
3.0605e+00 2.5921e-07
3.0675e+00 2.6142e-07
3.0745e+00 2.6366e-07
3.0815e+00 2.6591e-07
3.0885e+00 2.6817e-07
3.0955e+00 2.7046e-07
3.1026e+00 2.7276e-07
3.1096e+00 2.7509e-07
3.1166e+00 2.7743e-07
3.1236e+00 2.7979e-07
3.1306e+00 2.8216e-07
3.1376e+00 2.8456e-07
3.1446e+00 2.8697e-07
3.1516e+00 2.8941e-07
3.1586e+00 2.9186e-07
3.1656e+00 2.9433e-07
3.1726e+00 2.9682e-07
3.1796e+00 2.9933e-07
3.1866e+00 3.0186e-07
3.1936e+00 3.0441e-07
3.2006e+00 3.0698e-07
3.2076e+00 3.0957e-07
3.2146e+00 3.1218e-07
3.2216e+00 3.1481e-07
3.2286e+00 3.1746e-07
3.2356e+00 3.2014e-07
3.2426e+00 3.2283e-07
3.2496e+00 3.2554e-07
3.2566e+00 3.2827e-07
3.2636e+00 3.3103e-07
3.2706e+00 3.3381e-07
3.2776e+00 3.3660e-07
3.2846e+00 3.3942e-07
3.2916e+00 3.4226e-07
3.2986e+00 3.4513e-07
3.3057e+00 3.4801e-07
3.3127e+00 3.5092e-07
3.3197e+00 3.5385e-07
3.3267e+00 3.5680e-07
3.3337e+00 3.5978e-07
3.3407e+00 3.6277e-07
3.3477e+00 3.6579e-07
3.3547e+00 3.6884e-07
3.3617e+00 3.7190e-07
3.3687e+00 3.7500e-07
3.3757e+00 3.7811e-07
3.3827e+00 3.8125e-07
3.3897e+00 3.8441e-07
3.3967e+00 3.8760e-07
3.4037e+00 3.9081e-07
3.4107e+00 3.9404e-07
3.4177e+00 3.9730e-07
3.4247e+00 4.0058e-07
3.4317e+00 4.0389e-07
3.4387e+00 4.0723e-07
3.4457e+00 4.1059e-07
3.4527e+00 4.1397e-07
3.4597e+00 4.1738e-07
3.4667e+00 4.2082e-07
3.4737e+00 4.2428e-07
3.4807e+00 4.2777e-07
3.4877e+00 4.3128e-07
3.4947e+00 4.3482e-07
3.5018e+00 4.3839e-07
3.5088e+00 4.4199e-07
3.5158e+00 4.4561e-07
3.5228e+00 4.4926e-07
3.5298e+00 4.5294e-07
3.5368e+00 4.5664e-07
3.5438e+00 4.6037e-07
3.5508e+00 4.6413e-07
3.5578e+00 4.6792e-07
3.5648e+00 4.7174e-07
3.5718e+00 4.7558e-07
3.5788e+00 4.7945e-07
3.5858e+00 4.8336e-07
3.5928e+00 4.8729e-07
3.5998e+00 4.9125e-07
3.6068e+00 4.9524e-07
3.6138e+00 4.9926e-07
3.6208e+00 5.0331e-07
3.6278e+00 5.0739e-07
3.6348e+00 5.1150e-07
3.6418e+00 5.1564e-07
3.6488e+00 5.1981e-07
3.6558e+00 5.2402e-07
3.6628e+00 5.2825e-07
3.6698e+00 5.3251e-07
3.6768e+00 5.3681e-07
3.6838e+00 5.4114e-07
3.6908e+00 5.4550e-07
3.6978e+00 5.4989e-07
3.7049e+00 5.5432e-07
3.7119e+00 5.5877e-07
3.7189e+00 5.6326e-07
3.7259e+00 5.6779e-07
3.7329e+00 5.7234e-07
3.7399e+00 5.7693e-07
3.7469e+00 5.8156e-07
3.7539e+00 5.8621e-07
3.7609e+00 5.9090e-07
3.7679e+00 5.9563e-07
3.7749e+00 6.0039e-07
3.7819e+00 6.0518e-07
3.7889e+00 6.1001e-07
3.7959e+00 6.1488e-07
3.8029e+00 6.1978e-07
3.8099e+00 6.2471e-07
3.8169e+00 6.2968e-07
3.8239e+00 6.3469e-07
3.8309e+00 6.3974e-07
3.8379e+00 6.4482e-07
3.8449e+00 6.4994e-07
3.8519e+00 6.5509e-07
3.8589e+00 6.6028e-07
3.8659e+00 6.6551e-07
3.8729e+00 6.7078e-07
3.8799e+00 6.7608e-07
3.8869e+00 6.8143e-07
3.8939e+00 6.8681e-07
3.9010e+00 6.9223e-07
3.9080e+00 6.9769e-07
3.9150e+00 7.0319e-07
3.9220e+00 7.0873e-07
3.9290e+00 7.1430e-07
3.9360e+00 7.1992e-07
3.9430e+00 7.2558e-07
3.9500e+00 7.3128e-07
3.9570e+00 7.3702e-07
3.9640e+00 7.4280e-07
3.9710e+00 7.4862e-07
3.9780e+00 7.5448e-07
3.9850e+00 7.6039e-07
3.9920e+00 7.6634e-07
3.9990e+00 7.7232e-07
4.0060e+00 7.7836e-07
4.0130e+00 7.8443e-07
4.0200e+00 7.9055e-07
4.0270e+00 7.9671e-07
4.0340e+00 8.0292e-07
4.0410e+00 8.0916e-07
4.0480e+00 8.1546e-07
4.0550e+00 8.2179e-07
4.0620e+00 8.2818e-07
4.0690e+00 8.3460e-07
4.0760e+00 8.4108e-07
4.0830e+00 8.4759e-07
4.0900e+00 8.5416e-07
4.0970e+00 8.6077e-07
4.1041e+00 8.6742e-07
4.1111e+00 8.7413e-07
4.1181e+00 8.8088e-07
4.1251e+00 8.8768e-07
4.1321e+00 8.9452e-07
4.1391e+00 9.0141e-07
4.1461e+00 9.0835e-07
4.1531e+00 9.1534e-07
4.1601e+00 9.2238e-07
4.1671e+00 9.2947e-07
4.1741e+00 9.3661e-07
4.1811e+00 9.4379e-07
4.1881e+00 9.5103e-07
4.1951e+00 9.5832e-07
4.2021e+00 9.6565e-07
4.2091e+00 9.7304e-07
4.2161e+00 9.8048e-07
4.2231e+00 9.8797e-07
4.2301e+00 9.9551e-07
4.2371e+00 1.0031e-06
4.2441e+00 1.0108e-06
4.2511e+00 1.0185e-06
4.2581e+00 1.0262e-06
4.2651e+00 1.0340e-06
4.2721e+00 1.0419e-06
4.2791e+00 1.0498e-06
4.2861e+00 1.0578e-06
4.2931e+00 1.0658e-06
4.3002e+00 1.0739e-06
4.3072e+00 1.0820e-06
4.3142e+00 1.0902e-06
4.3212e+00 1.0984e-06
4.3282e+00 1.1067e-06
4.3352e+00 1.1151e-06
4.3422e+00 1.1235e-06
4.3492e+00 1.1320e-06
4.3562e+00 1.1405e-06
4.3632e+00 1.1491e-06
4.3702e+00 1.1577e-06
4.3772e+00 1.1664e-06
4.3842e+00 1.1752e-06
4.3912e+00 1.1840e-06
4.3982e+00 1.1929e-06
4.4052e+00 1.2019e-06
4.4122e+00 1.2109e-06
4.4192e+00 1.2199e-06
4.4262e+00 1.2290e-06
4.4332e+00 1.2382e-06
4.4402e+00 1.2475e-06
4.4472e+00 1.2568e-06
4.4542e+00 1.2662e-06
4.4612e+00 1.2756e-06
4.4682e+00 1.2851e-06
4.4752e+00 1.2947e-06
4.4822e+00 1.3043e-06
4.4892e+00 1.3140e-06
4.4962e+00 1.3237e-06
4.5033e+00 1.3336e-06
4.5103e+00 1.3435e-06
4.5173e+00 1.3534e-06
4.5243e+00 1.3634e-06
4.5313e+00 1.3735e-06
4.5383e+00 1.3837e-06
4.5453e+00 1.3939e-06
4.5523e+00 1.4042e-06
4.5593e+00 1.4145e-06
4.5663e+00 1.4250e-06
4.5733e+00 1.4355e-06
4.5803e+00 1.4460e-06
4.5873e+00 1.4567e-06
4.5943e+00 1.4674e-06
4.6013e+00 1.4781e-06
4.6083e+00 1.4890e-06
4.6153e+00 1.4999e-06
4.6223e+00 1.5109e-06
4.6293e+00 1.5220e-06
4.6363e+00 1.5331e-06
4.6433e+00 1.5443e-06
4.6503e+00 1.5556e-06
4.6573e+00 1.5669e-06
4.6643e+00 1.5784e-06
4.6713e+00 1.5899e-06
4.6783e+00 1.6014e-06
4.6853e+00 1.6131e-06
4.6923e+00 1.6248e-06
4.6993e+00 1.6366e-06
4.7064e+00 1.6485e-06
4.7134e+00 1.6605e-06
4.7204e+00 1.6725e-06
4.7274e+00 1.6846e-06
4.7344e+00 1.6968e-06
4.7414e+00 1.7091e-06
4.7484e+00 1.7215e-06
4.7554e+00 1.7339e-06
4.7624e+00 1.7464e-06
4.7694e+00 1.7590e-06
4.7764e+00 1.7717e-06
4.7834e+00 1.7844e-06
4.7904e+00 1.7973e-06
4.7974e+00 1.8102e-06
4.8044e+00 1.8232e-06
4.8114e+00 1.8363e-06
4.8184e+00 1.8495e-06
4.8254e+00 1.8627e-06
4.8324e+00 1.8761e-06
4.8394e+00 1.8895e-06
4.8464e+00 1.9030e-06
4.8534e+00 1.9166e-06
4.8604e+00 1.9303e-06
4.8674e+00 1.9441e-06
4.8744e+00 1.9579e-06
4.8814e+00 1.9719e-06
4.8884e+00 1.9859e-06
4.8954e+00 2.0000e-06
4.9025e+00 2.0142e-06
4.9095e+00 2.0285e-06
4.9165e+00 2.0429e-06
4.9235e+00 2.0574e-06
4.9305e+00 2.0720e-06
4.9375e+00 2.0867e-06
4.9445e+00 2.1014e-06
4.9515e+00 2.1163e-06
4.9585e+00 2.1312e-06
4.9655e+00 2.1463e-06
4.9725e+00 2.1614e-06
4.9795e+00 2.1766e-06
4.9865e+00 2.1920e-06
4.9935e+00 2.2074e-06
5.0005e+00 2.2229e-06
5.0075e+00 2.2385e-06
5.0145e+00 2.2542e-06
5.0215e+00 2.2701e-06
5.0285e+00 2.2860e-06
5.0355e+00 2.3020e-06
5.0425e+00 2.3181e-06
5.0495e+00 2.3343e-06
5.0565e+00 2.3506e-06
5.0635e+00 2.3670e-06
5.0705e+00 2.3835e-06
5.0775e+00 2.4001e-06
5.0845e+00 2.4168e-06
5.0915e+00 2.4337e-06
5.0985e+00 2.4506e-06
5.1056e+00 2.4676e-06
5.1126e+00 2.4847e-06
5.1196e+00 2.5020e-06
5.1266e+00 2.5193e-06
5.1336e+00 2.5368e-06
5.1406e+00 2.5543e-06
5.1476e+00 2.5720e-06
5.1546e+00 2.5898e-06
5.1616e+00 2.6076e-06
5.1686e+00 2.6256e-06
5.1756e+00 2.6437e-06
5.1826e+00 2.6619e-06
5.1896e+00 2.6803e-06
5.1966e+00 2.6987e-06
5.2036e+00 2.7172e-06
5.2106e+00 2.7359e-06
5.2176e+00 2.7547e-06
5.2246e+00 2.7735e-06
5.2316e+00 2.7925e-06
5.2386e+00 2.8117e-06
5.2456e+00 2.8309e-06
5.2526e+00 2.8502e-06
5.2596e+00 2.8697e-06
5.2666e+00 2.8893e-06
5.2736e+00 2.9090e-06
5.2806e+00 2.9288e-06
5.2876e+00 2.9487e-06
5.2946e+00 2.9688e-06
5.3017e+00 2.9889e-06
5.3087e+00 3.0092e-06
5.3157e+00 3.0296e-06
5.3227e+00 3.0502e-06
5.3297e+00 3.0708e-06
5.3367e+00 3.0916e-06
5.3437e+00 3.1125e-06
5.3507e+00 3.1335e-06
5.3577e+00 3.1547e-06
5.3647e+00 3.1760e-06
5.3717e+00 3.1974e-06
5.3787e+00 3.2189e-06
5.3857e+00 3.2406e-06
5.3927e+00 3.2623e-06
5.3997e+00 3.2843e-06
5.4067e+00 3.3063e-06
5.4137e+00 3.3285e-06
5.4207e+00 3.3508e-06
5.4277e+00 3.3732e-06
5.4347e+00 3.3958e-06
5.4417e+00 3.4185e-06
5.4487e+00 3.4413e-06
5.4557e+00 3.4643e-06
5.4627e+00 3.4874e-06
5.4697e+00 3.5106e-06
5.4767e+00 3.5340e-06
5.4837e+00 3.5575e-06
5.4907e+00 3.5811e-06
5.4977e+00 3.6049e-06
5.5048e+00 3.6288e-06
5.5118e+00 3.6529e-06
5.5188e+00 3.6771e-06
5.5258e+00 3.7014e-06
5.5328e+00 3.7259e-06
5.5398e+00 3.7505e-06
5.5468e+00 3.7753e-06
5.5538e+00 3.8002e-06
5.5608e+00 3.8253e-06
5.5678e+00 3.8505e-06
5.5748e+00 3.8758e-06
5.5818e+00 3.9013e-06
5.5888e+00 3.9269e-06
5.5958e+00 3.9527e-06
5.6028e+00 3.9786e-06
5.6098e+00 4.0047e-06
5.6168e+00 4.0309e-06
5.6238e+00 4.0573e-06
5.6308e+00 4.0838e-06
5.6378e+00 4.1105e-06
5.6448e+00 4.1373e-06
5.6518e+00 4.1643e-06
5.6588e+00 4.1914e-06
5.6658e+00 4.2187e-06
5.6728e+00 4.2461e-06
5.6798e+00 4.2737e-06
5.6868e+00 4.3015e-06
5.6938e+00 4.3294e-06
5.7009e+00 4.3574e-06
5.7079e+00 4.3856e-06
5.7149e+00 4.4140e-06
5.7219e+00 4.4426e-06
5.7289e+00 4.4713e-06
5.7359e+00 4.5001e-06
5.7429e+00 4.5291e-06
5.7499e+00 4.5583e-06
5.7569e+00 4.5877e-06
5.7639e+00 4.6172e-06
5.7709e+00 4.6468e-06
5.7779e+00 4.6767e-06
5.7849e+00 4.7067e-06
5.7919e+00 4.7369e-06
5.7989e+00 4.7672e-06
5.8059e+00 4.7977e-06
5.8129e+00 4.8284e-06
5.8199e+00 4.8592e-06
5.8269e+00 4.8902e-06
5.8339e+00 4.9214e-06
5.8409e+00 4.9528e-06
5.8479e+00 4.9843e-06
5.8549e+00 5.0160e-06
5.8619e+00 5.0479e-06
5.8689e+00 5.0800e-06
5.8759e+00 5.1122e-06
5.8829e+00 5.1446e-06
5.8899e+00 5.1772e-06
5.8969e+00 5.2100e-06
5.9040e+00 5.2429e-06
5.9110e+00 5.2760e-06
5.9180e+00 5.3093e-06
5.9250e+00 5.3428e-06
5.9320e+00 5.3765e-06
5.9390e+00 5.4103e-06
5.9460e+00 5.4443e-06
5.9530e+00 5.4785e-06
5.9600e+00 5.5129e-06
5.9670e+00 5.5475e-06
5.9740e+00 5.5823e-06
5.9810e+00 5.6173e-06
5.9880e+00 5.6524e-06
5.9950e+00 5.6877e-06
6.0020e+00 5.7233e-06
6.0090e+00 5.7590e-06
6.0160e+00 5.7949e-06
6.0230e+00 5.8310e-06
6.0300e+00 5.8673e-06
6.0370e+00 5.9038e-06
6.0440e+00 5.9404e-06
6.0510e+00 5.9773e-06
6.0580e+00 6.0144e-06
6.0650e+00 6.0517e-06
6.0720e+00 6.0891e-06
6.0790e+00 6.1268e-06
6.0860e+00 6.1647e-06
6.0930e+00 6.2027e-06
6.1001e+00 6.2410e-06
6.1071e+00 6.2795e-06
6.1141e+00 6.3181e-06
6.1211e+00 6.3570e-06
6.1281e+00 6.3961e-06
6.1351e+00 6.4354e-06
6.1421e+00 6.4749e-06
6.1491e+00 6.5145e-06
6.1561e+00 6.5545e-06
6.1631e+00 6.5946e-06
6.1701e+00 6.6349e-06
6.1771e+00 6.6754e-06
6.1841e+00 6.7162e-06
6.1911e+00 6.7571e-06
6.1981e+00 6.7983e-06
6.2051e+00 6.8397e-06
6.2121e+00 6.8813e-06
6.2191e+00 6.9231e-06
6.2261e+00 6.9651e-06
6.2331e+00 7.0073e-06
6.2401e+00 7.0498e-06
6.2471e+00 7.0925e-06
6.2541e+00 7.1354e-06
6.2611e+00 7.1785e-06
6.2681e+00 7.2218e-06
6.2751e+00 7.2654e-06
6.2821e+00 7.3092e-06
6.2891e+00 7.3532e-06
6.2961e+00 7.3974e-06
6.3032e+00 7.4419e-06
6.3102e+00 7.4866e-06
6.3172e+00 7.5315e-06
6.3242e+00 7.5766e-06
6.3312e+00 7.6220e-06
6.3382e+00 7.6676e-06
6.3452e+00 7.7134e-06
6.3522e+00 7.7595e-06
6.3592e+00 7.8058e-06
6.3662e+00 7.8523e-06
6.3732e+00 7.8991e-06
6.3802e+00 7.9461e-06
6.3872e+00 7.9933e-06
6.3942e+00 8.0408e-06
6.4012e+00 8.0885e-06
6.4082e+00 8.1364e-06
6.4152e+00 8.1846e-06
6.4222e+00 8.2331e-06
6.4292e+00 8.2817e-06
6.4362e+00 8.3306e-06
6.4432e+00 8.3798e-06
6.4502e+00 8.4292e-06
6.4572e+00 8.4788e-06
6.4642e+00 8.5287e-06
6.4712e+00 8.5789e-06
6.4782e+00 8.6292e-06
6.4852e+00 8.6799e-06
6.4922e+00 8.7308e-06
6.4992e+00 8.7819e-06
6.5063e+00 8.8333e-06
6.5133e+00 8.8849e-06
6.5203e+00 8.9368e-06
6.5273e+00 8.9889e-06
6.5343e+00 9.0413e-06
6.5413e+00 9.0940e-06
6.5483e+00 9.1469e-06
6.5553e+00 9.2001e-06
6.5623e+00 9.2535e-06
6.5693e+00 9.3072e-06
6.5763e+00 9.3611e-06
6.5833e+00 9.4154e-06
6.5903e+00 9.4698e-06
6.5973e+00 9.5246e-06
6.6043e+00 9.5796e-06
6.6113e+00 9.6348e-06
6.6183e+00 9.6904e-06
6.6253e+00 9.7461e-06
6.6323e+00 9.8022e-06
6.6393e+00 9.8585e-06
6.6463e+00 9.9151e-06
6.6533e+00 9.9720e-06
6.6603e+00 1.0029e-05
6.6673e+00 1.0087e-05
6.6743e+00 1.0144e-05
6.6813e+00 1.0202e-05
6.6883e+00 1.0260e-05
6.6953e+00 1.0319e-05
6.7024e+00 1.0378e-05
6.7094e+00 1.0437e-05
6.7164e+00 1.0496e-05
6.7234e+00 1.0556e-05
6.7304e+00 1.0616e-05
6.7374e+00 1.0676e-05
6.7444e+00 1.0736e-05
6.7514e+00 1.0797e-05
6.7584e+00 1.0858e-05
6.7654e+00 1.0920e-05
6.7724e+00 1.0981e-05
6.7794e+00 1.1043e-05
6.7864e+00 1.1105e-05
6.7934e+00 1.1168e-05
6.8004e+00 1.1231e-05
6.8074e+00 1.1294e-05
6.8144e+00 1.1357e-05
6.8214e+00 1.1421e-05
6.8284e+00 1.1485e-05
6.8354e+00 1.1549e-05
6.8424e+00 1.1613e-05
6.8494e+00 1.1678e-05
6.8564e+00 1.1743e-05
6.8634e+00 1.1809e-05
6.8704e+00 1.1874e-05
6.8774e+00 1.1940e-05
6.8844e+00 1.2007e-05
6.8914e+00 1.2073e-05
6.8984e+00 1.2140e-05
6.9055e+00 1.2208e-05
6.9125e+00 1.2275e-05
6.9195e+00 1.2343e-05
6.9265e+00 1.2411e-05
6.9335e+00 1.2480e-05
6.9405e+00 1.2548e-05
6.9475e+00 1.2618e-05
6.9545e+00 1.2687e-05
6.9615e+00 1.2757e-05
6.9685e+00 1.2827e-05
6.9755e+00 1.2897e-05
6.9825e+00 1.2968e-05
6.9895e+00 1.3039e-05
6.9965e+00 1.3110e-05
7.0035e+00 1.3182e-05
7.0105e+00 1.3253e-05
7.0175e+00 1.3326e-05
7.0245e+00 1.3398e-05
7.0315e+00 1.3471e-05
7.0385e+00 1.3544e-05
7.0455e+00 1.3618e-05
7.0525e+00 1.3692e-05
7.0595e+00 1.3766e-05
7.0665e+00 1.3840e-05
7.0735e+00 1.3915e-05
7.0805e+00 1.3990e-05
7.0875e+00 1.4066e-05
7.0945e+00 1.4142e-05
7.1016e+00 1.4218e-05
7.1086e+00 1.4294e-05
7.1156e+00 1.4371e-05
7.1226e+00 1.4448e-05
7.1296e+00 1.4526e-05
7.1366e+00 1.4604e-05
7.1436e+00 1.4682e-05
7.1506e+00 1.4760e-05
7.1576e+00 1.4839e-05
7.1646e+00 1.4918e-05
7.1716e+00 1.4998e-05
7.1786e+00 1.5078e-05
7.1856e+00 1.5158e-05
7.1926e+00 1.5239e-05
7.1996e+00 1.5319e-05
7.2066e+00 1.5401e-05
7.2136e+00 1.5482e-05
7.2206e+00 1.5564e-05
7.2276e+00 1.5647e-05
7.2346e+00 1.5729e-05
7.2416e+00 1.5812e-05
7.2486e+00 1.5895e-05
7.2556e+00 1.5979e-05
7.2626e+00 1.6063e-05
7.2696e+00 1.6148e-05
7.2766e+00 1.6232e-05
7.2836e+00 1.6317e-05
7.2906e+00 1.6403e-05
7.2976e+00 1.6489e-05
7.3047e+00 1.6575e-05
7.3117e+00 1.6661e-05
7.3187e+00 1.6748e-05
7.3257e+00 1.6836e-05
7.3327e+00 1.6923e-05
7.3397e+00 1.7011e-05
7.3467e+00 1.7100e-05
7.3537e+00 1.7188e-05
7.3607e+00 1.7277e-05
7.3677e+00 1.7367e-05
7.3747e+00 1.7457e-05
7.3817e+00 1.7547e-05
7.3887e+00 1.7637e-05
7.3957e+00 1.7728e-05
7.4027e+00 1.7820e-05
7.4097e+00 1.7911e-05
7.4167e+00 1.8003e-05
7.4237e+00 1.8096e-05
7.4307e+00 1.8189e-05
7.4377e+00 1.8282e-05
7.4447e+00 1.8375e-05
7.4517e+00 1.8469e-05
7.4587e+00 1.8563e-05
7.4657e+00 1.8658e-05
7.4727e+00 1.8753e-05
7.4797e+00 1.8849e-05
7.4867e+00 1.8944e-05
7.4937e+00 1.9041e-05
7.5008e+00 1.9137e-05
7.5078e+00 1.9234e-05
7.5148e+00 1.9332e-05
7.5218e+00 1.9429e-05
7.5288e+00 1.9527e-05
7.5358e+00 1.9626e-05
7.5428e+00 1.9725e-05
7.5498e+00 1.9824e-05
7.5568e+00 1.9924e-05
7.5638e+00 2.0024e-05
7.5708e+00 2.0125e-05
7.5778e+00 2.0225e-05
7.5848e+00 2.0327e-05
7.5918e+00 2.0428e-05
7.5988e+00 2.0530e-05
7.6058e+00 2.0633e-05
7.6128e+00 2.0736e-05
7.6198e+00 2.0839e-05
7.6268e+00 2.0943e-05
7.6338e+00 2.1047e-05
7.6408e+00 2.1151e-05
7.6478e+00 2.1256e-05
7.6548e+00 2.1361e-05
7.6618e+00 2.1467e-05
7.6688e+00 2.1573e-05
7.6758e+00 2.1680e-05
7.6828e+00 2.1786e-05
7.6898e+00 2.1894e-05
7.6968e+00 2.2002e-05
7.7039e+00 2.2110e-05
7.7109e+00 2.2218e-05
7.7179e+00 2.2327e-05
7.7249e+00 2.2436e-05
7.7319e+00 2.2546e-05
7.7389e+00 2.2656e-05
7.7459e+00 2.2767e-05
7.7529e+00 2.2878e-05
7.7599e+00 2.2989e-05
7.7669e+00 2.3101e-05
7.7739e+00 2.3214e-05
7.7809e+00 2.3326e-05
7.7879e+00 2.3439e-05
7.7949e+00 2.3553e-05
7.8019e+00 2.3667e-05
7.8089e+00 2.3781e-05
7.8159e+00 2.3896e-05
7.8229e+00 2.4011e-05
7.8299e+00 2.4127e-05
7.8369e+00 2.4243e-05
7.8439e+00 2.4359e-05
7.8509e+00 2.4476e-05
7.8579e+00 2.4593e-05
7.8649e+00 2.4711e-05
7.8719e+00 2.4829e-05
7.8789e+00 2.4948e-05
7.8859e+00 2.5067e-05
7.8929e+00 2.5187e-05
7.8999e+00 2.5306e-05
7.9070e+00 2.5427e-05
7.9140e+00 2.5548e-05
7.9210e+00 2.5669e-05
7.9280e+00 2.5790e-05
7.9350e+00 2.5913e-05
7.9420e+00 2.6035e-05
7.9490e+00 2.6158e-05
7.9560e+00 2.6281e-05
7.9630e+00 2.6405e-05
7.9700e+00 2.6529e-05
7.9770e+00 2.6654e-05
7.9840e+00 2.6779e-05
7.9910e+00 2.6905e-05
7.9980e+00 2.7031e-05
8.0050e+00 2.7157e-05
8.0120e+00 2.7284e-05
8.0190e+00 2.7412e-05
8.0260e+00 2.7540e-05
8.0330e+00 2.7668e-05
8.0400e+00 2.7796e-05
8.0470e+00 2.7926e-05
8.0540e+00 2.8055e-05
8.0610e+00 2.8185e-05
8.0680e+00 2.8316e-05
8.0750e+00 2.8447e-05
8.0820e+00 2.8578e-05
8.0890e+00 2.8710e-05
8.0960e+00 2.8842e-05
8.1031e+00 2.8975e-05
8.1101e+00 2.9108e-05
8.1171e+00 2.9242e-05
8.1241e+00 2.9376e-05
8.1311e+00 2.9510e-05
8.1381e+00 2.9645e-05
8.1451e+00 2.9781e-05
8.1521e+00 2.9917e-05
8.1591e+00 3.0053e-05
8.1661e+00 3.0190e-05
8.1731e+00 3.0327e-05
8.1801e+00 3.0465e-05
8.1871e+00 3.0603e-05
8.1941e+00 3.0742e-05
8.2011e+00 3.0881e-05
8.2081e+00 3.1020e-05
8.2151e+00 3.1161e-05
8.2221e+00 3.1301e-05
8.2291e+00 3.1442e-05
8.2361e+00 3.1583e-05
8.2431e+00 3.1725e-05
8.2501e+00 3.1868e-05
8.2571e+00 3.2010e-05
8.2641e+00 3.2154e-05
8.2711e+00 3.2298e-05
8.2781e+00 3.2442e-05
8.2851e+00 3.2586e-05
8.2921e+00 3.2732e-05
8.2991e+00 3.2877e-05
8.3062e+00 3.3023e-05
8.3132e+00 3.3170e-05
8.3202e+00 3.3317e-05
8.3272e+00 3.3464e-05
8.3342e+00 3.3612e-05
8.3412e+00 3.3761e-05
8.3482e+00 3.3910e-05
8.3552e+00 3.4059e-05
8.3622e+00 3.4209e-05
8.3692e+00 3.4359e-05
8.3762e+00 3.4510e-05
8.3832e+00 3.4661e-05
8.3902e+00 3.4813e-05
8.3972e+00 3.4965e-05
8.4042e+00 3.5118e-05
8.4112e+00 3.5271e-05
8.4182e+00 3.5425e-05
8.4252e+00 3.5579e-05
8.4322e+00 3.5733e-05
8.4392e+00 3.5888e-05
8.4462e+00 3.6044e-05
8.4532e+00 3.6200e-05
8.4602e+00 3.6356e-05
8.4672e+00 3.6513e-05
8.4742e+00 3.6671e-05
8.4812e+00 3.6829e-05
8.4882e+00 3.6987e-05
8.4952e+00 3.7146e-05
8.5023e+00 3.7305e-05
8.5093e+00 3.7465e-05
8.5163e+00 3.7626e-05
8.5233e+00 3.7786e-05
8.5303e+00 3.7948e-05
8.5373e+00 3.8109e-05
8.5443e+00 3.8272e-05
8.5513e+00 3.8434e-05
8.5583e+00 3.8598e-05
8.5653e+00 3.8761e-05
8.5723e+00 3.8925e-05
8.5793e+00 3.9090e-05
8.5863e+00 3.9255e-05
8.5933e+00 3.9421e-05
8.6003e+00 3.9587e-05
8.6073e+00 3.9753e-05
8.6143e+00 3.9921e-05
8.6213e+00 4.0088e-05
8.6283e+00 4.0256e-05
8.6353e+00 4.0425e-05
8.6423e+00 4.0594e-05
8.6493e+00 4.0763e-05
8.6563e+00 4.0933e-05
8.6633e+00 4.1104e-05
8.6703e+00 4.1274e-05
8.6773e+00 4.1446e-05
8.6843e+00 4.1618e-05
8.6913e+00 4.1790e-05
8.6983e+00 4.1963e-05
8.7054e+00 4.2136e-05
8.7124e+00 4.2310e-05
8.7194e+00 4.2485e-05
8.7264e+00 4.2659e-05
8.7334e+00 4.2835e-05
8.7404e+00 4.3011e-05
8.7474e+00 4.3187e-05
8.7544e+00 4.3364e-05
8.7614e+00 4.3541e-05
8.7684e+00 4.3719e-05
8.7754e+00 4.3897e-05
8.7824e+00 4.4075e-05
8.7894e+00 4.4255e-05
8.7964e+00 4.4434e-05
8.8034e+00 4.4615e-05
8.8104e+00 4.4795e-05
8.8174e+00 4.4976e-05
8.8244e+00 4.5158e-05
8.8314e+00 4.5340e-05
8.8384e+00 4.5523e-05
8.8454e+00 4.5706e-05
8.8524e+00 4.5889e-05
8.8594e+00 4.6073e-05
8.8664e+00 4.6258e-05
8.8734e+00 4.6443e-05
8.8804e+00 4.6629e-05
8.8874e+00 4.6815e-05
8.8944e+00 4.7001e-05
8.9015e+00 4.7188e-05
8.9085e+00 4.7375e-05
8.9155e+00 4.7563e-05
8.9225e+00 4.7752e-05
8.9295e+00 4.7941e-05
8.9365e+00 4.8130e-05
8.9435e+00 4.8320e-05
8.9505e+00 4.8510e-05
8.9575e+00 4.8701e-05
8.9645e+00 4.8893e-05
8.9715e+00 4.9084e-05
8.9785e+00 4.9277e-05
8.9855e+00 4.9470e-05
8.9925e+00 4.9663e-05
8.9995e+00 4.9857e-05
9.0065e+00 5.0051e-05
9.0135e+00 5.0246e-05
9.0205e+00 5.0441e-05
9.0275e+00 5.0636e-05
9.0345e+00 5.0833e-05
9.0415e+00 5.1029e-05
9.0485e+00 5.1226e-05
9.0555e+00 5.1424e-05
9.0625e+00 5.1622e-05
9.0695e+00 5.1821e-05
9.0765e+00 5.2020e-05
9.0835e+00 5.2219e-05
9.0905e+00 5.2419e-05
9.0975e+00 5.2620e-05
9.1046e+00 5.2821e-05
9.1116e+00 5.3022e-05
9.1186e+00 5.3224e-05
9.1256e+00 5.3427e-05
9.1326e+00 5.3630e-05
9.1396e+00 5.3833e-05
9.1466e+00 5.4037e-05
9.1536e+00 5.4241e-05
9.1606e+00 5.4446e-05
9.1676e+00 5.4651e-05
9.1746e+00 5.4857e-05
9.1816e+00 5.5063e-05
9.1886e+00 5.5270e-05
9.1956e+00 5.5477e-05
9.2026e+00 5.5685e-05
9.2096e+00 5.5893e-05
9.2166e+00 5.6101e-05
9.2236e+00 5.6310e-05
9.2306e+00 5.6520e-05
9.2376e+00 5.6730e-05
9.2446e+00 5.6940e-05
9.2516e+00 5.7151e-05
9.2586e+00 5.7363e-05
9.2656e+00 5.7575e-05
9.2726e+00 5.7787e-05
9.2796e+00 5.8000e-05
9.2866e+00 5.8213e-05
9.2936e+00 5.8427e-05
9.3007e+00 5.8641e-05
9.3077e+00 5.8856e-05
9.3147e+00 5.9071e-05
9.3217e+00 5.9286e-05
9.3287e+00 5.9503e-05
9.3357e+00 5.9719e-05
9.3427e+00 5.9936e-05
9.3497e+00 6.0153e-05
9.3567e+00 6.0371e-05
9.3637e+00 6.0590e-05
9.3707e+00 6.0809e-05
9.3777e+00 6.1028e-05
9.3847e+00 6.1248e-05
9.3917e+00 6.1468e-05
9.3987e+00 6.1688e-05
9.4057e+00 6.1910e-05
9.4127e+00 6.2131e-05
9.4197e+00 6.2353e-05
9.4267e+00 6.2576e-05
9.4337e+00 6.2799e-05
9.4407e+00 6.3022e-05
9.4477e+00 6.3246e-05
9.4547e+00 6.3470e-05
9.4617e+00 6.3695e-05
9.4687e+00 6.3920e-05
9.4757e+00 6.4145e-05
9.4827e+00 6.4372e-05
9.4897e+00 6.4598e-05
9.4967e+00 6.4825e-05
9.5038e+00 6.5052e-05
9.5108e+00 6.5280e-05
9.5178e+00 6.5508e-05
9.5248e+00 6.5737e-05
9.5318e+00 6.5966e-05
9.5388e+00 6.6196e-05
9.5458e+00 6.6426e-05
9.5528e+00 6.6656e-05
9.5598e+00 6.6887e-05
9.5668e+00 6.7119e-05
9.5738e+00 6.7350e-05
9.5808e+00 6.7583e-05
9.5878e+00 6.7815e-05
9.5948e+00 6.8048e-05
9.6018e+00 6.8282e-05
9.6088e+00 6.8516e-05
9.6158e+00 6.8750e-05
9.6228e+00 6.8985e-05
9.6298e+00 6.9220e-05
9.6368e+00 6.9456e-05
9.6438e+00 6.9692e-05
9.6508e+00 6.9928e-05
9.6578e+00 7.0165e-05
9.6648e+00 7.0402e-05
9.6718e+00 7.0640e-05
9.6788e+00 7.0878e-05
9.6858e+00 7.1117e-05
9.6928e+00 7.1356e-05
9.6998e+00 7.1595e-05
9.7069e+00 7.1835e-05
9.7139e+00 7.2075e-05
9.7209e+00 7.2315e-05
9.7279e+00 7.2556e-05
9.7349e+00 7.2798e-05
9.7419e+00 7.3040e-05
9.7489e+00 7.3282e-05
9.7559e+00 7.3525e-05
9.7629e+00 7.3768e-05
9.7699e+00 7.4011e-05
9.7769e+00 7.4255e-05
9.7839e+00 7.4499e-05
9.7909e+00 7.4744e-05
9.7979e+00 7.4989e-05
9.8049e+00 7.5234e-05
9.8119e+00 7.5480e-05
9.8189e+00 7.5726e-05
9.8259e+00 7.5973e-05
9.8329e+00 7.6220e-05
9.8399e+00 7.6467e-05
9.8469e+00 7.6715e-05
9.8539e+00 7.6963e-05
9.8609e+00 7.7211e-05
9.8679e+00 7.7460e-05
9.8749e+00 7.7709e-05
9.8819e+00 7.7959e-05
9.8889e+00 7.8209e-05
9.8959e+00 7.8459e-05
9.9030e+00 7.8710e-05
9.9100e+00 7.8961e-05
9.9170e+00 7.9213e-05
9.9240e+00 7.9465e-05
9.9310e+00 7.9717e-05
9.9380e+00 7.9970e-05
9.9450e+00 8.0222e-05
9.9520e+00 8.0476e-05
9.9590e+00 8.0729e-05
9.9660e+00 8.0984e-05
9.9730e+00 8.1238e-05
9.9800e+00 8.1493e-05
9.9870e+00 8.1748e-05
9.9940e+00 8.2003e-05
1.0001e+01 8.2259e-05
1.0008e+01 8.2515e-05
1.0015e+01 8.2772e-05
1.0022e+01 8.3029e-05
1.0029e+01 8.3286e-05
1.0036e+01 8.3543e-05
1.0043e+01 8.3801e-05
1.0050e+01 8.4059e-05
1.0057e+01 8.4318e-05
1.0064e+01 8.4577e-05
1.0071e+01 8.4836e-05
1.0078e+01 8.5095e-05
1.0085e+01 8.5355e-05
1.0092e+01 8.5616e-05
1.0099e+01 8.5876e-05
1.0106e+01 8.6137e-05
1.0113e+01 8.6398e-05
1.0120e+01 8.6660e-05
1.0127e+01 8.6921e-05
1.0134e+01 8.7184e-05
1.0141e+01 8.7446e-05
1.0148e+01 8.7709e-05
1.0155e+01 8.7972e-05
1.0162e+01 8.8235e-05
1.0169e+01 8.8499e-05
1.0176e+01 8.8763e-05
1.0183e+01 8.9027e-05
1.0190e+01 8.9292e-05
1.0197e+01 8.9556e-05
1.0204e+01 8.9822e-05
1.0211e+01 9.0087e-05
1.0218e+01 9.0353e-05
1.0225e+01 9.0619e-05
1.0232e+01 9.0885e-05
1.0239e+01 9.1152e-05
1.0246e+01 9.1419e-05
1.0253e+01 9.1686e-05
1.0260e+01 9.1953e-05
1.0267e+01 9.2221e-05
1.0274e+01 9.2489e-05
1.0281e+01 9.2758e-05
1.0288e+01 9.3026e-05
1.0295e+01 9.3295e-05
1.0302e+01 9.3564e-05
1.0309e+01 9.3833e-05
1.0316e+01 9.4103e-05
1.0323e+01 9.4373e-05
1.0330e+01 9.4643e-05
1.0337e+01 9.4913e-05
1.0344e+01 9.5184e-05
1.0351e+01 9.5455e-05
1.0358e+01 9.5726e-05
1.0365e+01 9.5998e-05
1.0372e+01 9.6269e-05
1.0379e+01 9.6541e-05
1.0386e+01 9.6813e-05
1.0393e+01 9.7086e-05
1.0400e+01 9.7358e-05
1.0407e+01 9.7631e-05
1.0414e+01 9.7904e-05
1.0421e+01 9.8177e-05
1.0428e+01 9.8451e-05
1.0435e+01 9.8725e-05
1.0442e+01 9.8999e-05
1.0449e+01 9.9273e-05
1.0456e+01 9.9547e-05
1.0463e+01 9.9822e-05
1.0470e+01 1.0010e-04
1.0477e+01 1.0037e-04
1.0484e+01 1.0065e-04
1.0491e+01 1.0092e-04
1.0498e+01 1.0120e-04
1.0505e+01 1.0147e-04
1.0512e+01 1.0175e-04
1.0519e+01 1.0203e-04
1.0526e+01 1.0230e-04
1.0533e+01 1.0258e-04
1.0540e+01 1.0286e-04
1.0547e+01 1.0313e-04
1.0554e+01 1.0341e-04
1.0561e+01 1.0369e-04
1.0568e+01 1.0397e-04
1.0575e+01 1.0424e-04
1.0582e+01 1.0452e-04
1.0589e+01 1.0480e-04
1.0596e+01 1.0508e-04
1.0603e+01 1.0536e-04
1.0610e+01 1.0563e-04
1.0617e+01 1.0591e-04
1.0624e+01 1.0619e-04
1.0631e+01 1.0647e-04
1.0638e+01 1.0675e-04
1.0645e+01 1.0703e-04
1.0652e+01 1.0731e-04
1.0659e+01 1.0759e-04
1.0666e+01 1.0787e-04
1.0673e+01 1.0815e-04
1.0680e+01 1.0843e-04
1.0687e+01 1.0871e-04
1.0694e+01 1.0899e-04
1.0701e+01 1.0927e-04
1.0708e+01 1.0955e-04
1.0715e+01 1.0983e-04
1.0722e+01 1.1011e-04
1.0729e+01 1.1039e-04
1.0736e+01 1.1067e-04
1.0743e+01 1.1095e-04
1.0750e+01 1.1124e-04
1.0757e+01 1.1152e-04
1.0764e+01 1.1180e-04
1.0771e+01 1.1208e-04
1.0778e+01 1.1236e-04
1.0785e+01 1.1264e-04
1.0792e+01 1.1292e-04
1.0799e+01 1.1321e-04
1.0806e+01 1.1349e-04
1.0813e+01 1.1377e-04
1.0820e+01 1.1405e-04
1.0827e+01 1.1434e-04
1.0834e+01 1.1462e-04
1.0841e+01 1.1490e-04
1.0848e+01 1.1518e-04
1.0855e+01 1.1546e-04
1.0862e+01 1.1575e-04
1.0869e+01 1.1603e-04
1.0876e+01 1.1631e-04
1.0883e+01 1.1660e-04
1.0890e+01 1.1688e-04
1.0897e+01 1.1716e-04
1.0904e+01 1.1744e-04
1.0911e+01 1.1773e-04
1.0918e+01 1.1801e-04
1.0925e+01 1.1829e-04
1.0932e+01 1.1858e-04
1.0939e+01 1.1886e-04
1.0946e+01 1.1914e-04
1.0953e+01 1.1943e-04
1.0960e+01 1.1971e-04
1.0967e+01 1.1999e-04
1.0974e+01 1.2027e-04
1.0981e+01 1.2056e-04
1.0988e+01 1.2084e-04
1.0995e+01 1.2112e-04
1.1003e+01 1.2141e-04
1.1010e+01 1.2169e-04
1.1017e+01 1.2197e-04
1.1024e+01 1.2226e-04
1.1031e+01 1.2254e-04
1.1038e+01 1.2282e-04
1.1045e+01 1.2311e-04
1.1052e+01 1.2339e-04
1.1059e+01 1.2367e-04
1.1066e+01 1.2396e-04
1.1073e+01 1.2424e-04
1.1080e+01 1.2452e-04
1.1087e+01 1.2480e-04
1.1094e+01 1.2509e-04
1.1101e+01 1.2537e-04
1.1108e+01 1.2565e-04
1.1115e+01 1.2594e-04
1.1122e+01 1.2622e-04
1.1129e+01 1.2650e-04
1.1136e+01 1.2678e-04
1.1143e+01 1.2707e-04
1.1150e+01 1.2735e-04
1.1157e+01 1.2763e-04
1.1164e+01 1.2791e-04
1.1171e+01 1.2820e-04
1.1178e+01 1.2848e-04
1.1185e+01 1.2876e-04
1.1192e+01 1.2904e-04
1.1199e+01 1.2932e-04
1.1206e+01 1.2961e-04
1.1213e+01 1.2989e-04
1.1220e+01 1.3017e-04
1.1227e+01 1.3045e-04
1.1234e+01 1.3073e-04
1.1241e+01 1.3101e-04
1.1248e+01 1.3130e-04
1.1255e+01 1.3158e-04
1.1262e+01 1.3186e-04
1.1269e+01 1.3214e-04
1.1276e+01 1.3242e-04
1.1283e+01 1.3270e-04
1.1290e+01 1.3298e-04
1.1297e+01 1.3326e-04
1.1304e+01 1.3354e-04
1.1311e+01 1.3382e-04
1.1318e+01 1.3410e-04
1.1325e+01 1.3438e-04
1.1332e+01 1.3466e-04
1.1339e+01 1.3494e-04
1.1346e+01 1.3522e-04
1.1353e+01 1.3550e-04
1.1360e+01 1.3578e-04
1.1367e+01 1.3606e-04
1.1374e+01 1.3634e-04
1.1381e+01 1.3661e-04
1.1388e+01 1.3689e-04
1.1395e+01 1.3717e-04
1.1402e+01 1.3745e-04
1.1409e+01 1.3773e-04
1.1416e+01 1.3800e-04
1.1423e+01 1.3828e-04
1.1430e+01 1.3856e-04
1.1437e+01 1.3884e-04
1.1444e+01 1.3911e-04
1.1451e+01 1.3939e-04
1.1458e+01 1.3967e-04
1.1465e+01 1.3994e-04
1.1472e+01 1.4022e-04
1.1479e+01 1.4049e-04
1.1486e+01 1.4077e-04
1.1493e+01 1.4104e-04
1.1500e+01 1.4132e-04
1.1507e+01 1.4159e-04
1.1514e+01 1.4187e-04
1.1521e+01 1.4214e-04
1.1528e+01 1.4242e-04
1.1535e+01 1.4269e-04
1.1542e+01 1.4297e-04
1.1549e+01 1.4324e-04
1.1556e+01 1.4351e-04
1.1563e+01 1.4378e-04
1.1570e+01 1.4406e-04
1.1577e+01 1.4433e-04
1.1584e+01 1.4460e-04
1.1591e+01 1.4487e-04
1.1598e+01 1.4514e-04
1.1605e+01 1.4542e-04
1.1612e+01 1.4569e-04
1.1619e+01 1.4596e-04
1.1626e+01 1.4623e-04
1.1633e+01 1.4650e-04
1.1640e+01 1.4677e-04
1.1647e+01 1.4704e-04
1.1654e+01 1.4731e-04
1.1661e+01 1.4757e-04
1.1668e+01 1.4784e-04
1.1675e+01 1.4811e-04
1.1682e+01 1.4838e-04
1.1689e+01 1.4865e-04
1.1696e+01 1.4891e-04
1.1703e+01 1.4918e-04
1.1710e+01 1.4945e-04
1.1717e+01 1.4971e-04
1.1724e+01 1.4998e-04
1.1731e+01 1.5024e-04
1.1738e+01 1.5051e-04
1.1745e+01 1.5077e-04
1.1752e+01 1.5104e-04
1.1759e+01 1.5130e-04
1.1766e+01 1.5157e-04
1.1773e+01 1.5183e-04
1.1780e+01 1.5209e-04
1.1787e+01 1.5236e-04
1.1794e+01 1.5262e-04
1.1801e+01 1.5288e-04
1.1808e+01 1.5314e-04
1.1815e+01 1.5340e-04
1.1822e+01 1.5366e-04
1.1829e+01 1.5392e-04
1.1836e+01 1.5418e-04
1.1843e+01 1.5444e-04
1.1850e+01 1.5470e-04
1.1857e+01 1.5496e-04
1.1864e+01 1.5522e-04
1.1871e+01 1.5548e-04
1.1878e+01 1.5573e-04
1.1885e+01 1.5599e-04
1.1892e+01 1.5625e-04
1.1899e+01 1.5650e-04
1.1906e+01 1.5676e-04
1.1913e+01 1.5701e-04
1.1920e+01 1.5727e-04
1.1927e+01 1.5752e-04
1.1934e+01 1.5778e-04
1.1941e+01 1.5803e-04
1.1948e+01 1.5828e-04
1.1955e+01 1.5854e-04
1.1962e+01 1.5879e-04
1.1969e+01 1.5904e-04
1.1976e+01 1.5929e-04
1.1983e+01 1.5954e-04
1.1990e+01 1.5979e-04
1.1997e+01 1.6004e-04
1.2004e+01 1.6029e-04
1.2011e+01 1.6054e-04
1.2018e+01 1.6079e-04
1.2025e+01 1.6103e-04
1.2032e+01 1.6128e-04
1.2039e+01 1.6153e-04
1.2046e+01 1.6177e-04
1.2053e+01 1.6202e-04
1.2060e+01 1.6227e-04
1.2067e+01 1.6251e-04
1.2074e+01 1.6275e-04
1.2081e+01 1.6300e-04
1.2088e+01 1.6324e-04
1.2095e+01 1.6348e-04
1.2102e+01 1.6373e-04
1.2109e+01 1.6397e-04
1.2116e+01 1.6421e-04
1.2123e+01 1.6445e-04
1.2130e+01 1.6469e-04
1.2137e+01 1.6493e-04
1.2144e+01 1.6517e-04
1.2151e+01 1.6541e-04
1.2158e+01 1.6564e-04
1.2165e+01 1.6588e-04
1.2172e+01 1.6612e-04
1.2179e+01 1.6635e-04
1.2186e+01 1.6659e-04
1.2193e+01 1.6682e-04
1.2200e+01 1.6706e-04
1.2207e+01 1.6729e-04
1.2214e+01 1.6752e-04
1.2221e+01 1.6776e-04
1.2228e+01 1.6799e-04
1.2235e+01 1.6822e-04
1.2242e+01 1.6845e-04
1.2249e+01 1.6868e-04
1.2256e+01 1.6891e-04
1.2263e+01 1.6914e-04
1.2270e+01 1.6937e-04
1.2277e+01 1.6960e-04
1.2284e+01 1.6982e-04
1.2291e+01 1.7005e-04
1.2298e+01 1.7027e-04
1.2305e+01 1.7050e-04
1.2312e+01 1.7072e-04
1.2319e+01 1.7095e-04
1.2326e+01 1.7117e-04
1.2333e+01 1.7139e-04
1.2340e+01 1.7162e-04
1.2347e+01 1.7184e-04
1.2354e+01 1.7206e-04
1.2361e+01 1.7228e-04
1.2368e+01 1.7250e-04
1.2375e+01 1.7272e-04
1.2382e+01 1.7293e-04
1.2389e+01 1.7315e-04
1.2396e+01 1.7337e-04
1.2403e+01 1.7358e-04
1.2410e+01 1.7380e-04
1.2417e+01 1.7401e-04
1.2424e+01 1.7423e-04
1.2431e+01 1.7444e-04
1.2438e+01 1.7465e-04
1.2445e+01 1.7487e-04
1.2452e+01 1.7508e-04
1.2459e+01 1.7529e-04
1.2466e+01 1.7550e-04
1.2473e+01 1.7571e-04
1.2480e+01 1.7592e-04
1.2487e+01 1.7612e-04
1.2494e+01 1.7633e-04
1.2501e+01 1.7654e-04
1.2508e+01 1.7674e-04
1.2515e+01 1.7695e-04
1.2522e+01 1.7715e-04
1.2529e+01 1.7735e-04
1.2536e+01 1.7756e-04
1.2543e+01 1.7776e-04
1.2550e+01 1.7796e-04
1.2557e+01 1.7816e-04
1.2564e+01 1.7836e-04
1.2571e+01 1.7856e-04
1.2578e+01 1.7876e-04
1.2585e+01 1.7895e-04
1.2592e+01 1.7915e-04
1.2599e+01 1.7935e-04
1.2606e+01 1.7954e-04
1.2613e+01 1.7974e-04
1.2620e+01 1.7993e-04
1.2627e+01 1.8012e-04
1.2634e+01 1.8031e-04
1.2641e+01 1.8051e-04
1.2648e+01 1.8070e-04
1.2655e+01 1.8089e-04
1.2662e+01 1.8107e-04
1.2669e+01 1.8126e-04
1.2676e+01 1.8145e-04
1.2683e+01 1.8164e-04
1.2690e+01 1.8182e-04
1.2697e+01 1.8201e-04
1.2704e+01 1.8219e-04
1.2711e+01 1.8237e-04
1.2718e+01 1.8256e-04
1.2725e+01 1.8274e-04
1.2732e+01 1.8292e-04
1.2739e+01 1.8310e-04
1.2746e+01 1.8328e-04
1.2753e+01 1.8346e-04
1.2760e+01 1.8363e-04
1.2767e+01 1.8381e-04
1.2774e+01 1.8399e-04
1.2781e+01 1.8416e-04
1.2788e+01 1.8434e-04
1.2795e+01 1.8451e-04
1.2802e+01 1.8468e-04
1.2809e+01 1.8485e-04
1.2816e+01 1.8502e-04
1.2823e+01 1.8519e-04
1.2830e+01 1.8536e-04
1.2837e+01 1.8553e-04
1.2844e+01 1.8570e-04
1.2851e+01 1.8587e-04
1.2858e+01 1.8603e-04
1.2865e+01 1.8620e-04
1.2872e+01 1.8636e-04
1.2879e+01 1.8652e-04
1.2886e+01 1.8669e-04
1.2893e+01 1.8685e-04
1.2900e+01 1.8701e-04
1.2907e+01 1.8717e-04
1.2914e+01 1.8733e-04
1.2921e+01 1.8748e-04
1.2928e+01 1.8764e-04
1.2935e+01 1.8780e-04
1.2942e+01 1.8795e-04
1.2949e+01 1.8811e-04
1.2956e+01 1.8826e-04
1.2963e+01 1.8841e-04
1.2970e+01 1.8856e-04
1.2977e+01 1.8871e-04
1.2984e+01 1.8886e-04
1.2991e+01 1.8901e-04
1.2998e+01 1.8916e-04
1.3006e+01 1.8931e-04
1.3013e+01 1.8945e-04
1.3020e+01 1.8960e-04
1.3027e+01 1.8974e-04
1.3034e+01 1.8989e-04
1.3041e+01 1.9003e-04
1.3048e+01 1.9017e-04
1.3055e+01 1.9031e-04
1.3062e+01 1.9045e-04
1.3069e+01 1.9059e-04
1.3076e+01 1.9073e-04
1.3083e+01 1.9086e-04
1.3090e+01 1.9100e-04
1.3097e+01 1.9113e-04
1.3104e+01 1.9127e-04
1.3111e+01 1.9140e-04
1.3118e+01 1.9153e-04
1.3125e+01 1.9166e-04
1.3132e+01 1.9179e-04
1.3139e+01 1.9192e-04
1.3146e+01 1.9205e-04
1.3153e+01 1.9218e-04
1.3160e+01 1.9230e-04
1.3167e+01 1.9243e-04
1.3174e+01 1.9255e-04
1.3181e+01 1.9268e-04
1.3188e+01 1.9280e-04
1.3195e+01 1.9292e-04
1.3202e+01 1.9304e-04
1.3209e+01 1.9316e-04
1.3216e+01 1.9328e-04
1.3223e+01 1.9340e-04
1.3230e+01 1.9351e-04
1.3237e+01 1.9363e-04
1.3244e+01 1.9374e-04
1.3251e+01 1.9386e-04
1.3258e+01 1.9397e-04
1.3265e+01 1.9408e-04
1.3272e+01 1.9419e-04
1.3279e+01 1.9430e-04
1.3286e+01 1.9441e-04
1.3293e+01 1.9452e-04
1.3300e+01 1.9462e-04
1.3307e+01 1.9473e-04
1.3314e+01 1.9483e-04
1.3321e+01 1.9494e-04
1.3328e+01 1.9504e-04
1.3335e+01 1.9514e-04
1.3342e+01 1.9524e-04
1.3349e+01 1.9534e-04
1.3356e+01 1.9544e-04
1.3363e+01 1.9554e-04
1.3370e+01 1.9563e-04
1.3377e+01 1.9573e-04
1.3384e+01 1.9582e-04
1.3391e+01 1.9592e-04
1.3398e+01 1.9601e-04
1.3405e+01 1.9610e-04
1.3412e+01 1.9619e-04
1.3419e+01 1.9628e-04
1.3426e+01 1.9637e-04
1.3433e+01 1.9646e-04
1.3440e+01 1.9654e-04
1.3447e+01 1.9663e-04
1.3454e+01 1.9671e-04
1.3461e+01 1.9679e-04
1.3468e+01 1.9688e-04
1.3475e+01 1.9696e-04
1.3482e+01 1.9704e-04
1.3489e+01 1.9712e-04
1.3496e+01 1.9719e-04
1.3503e+01 1.9727e-04
1.3510e+01 1.9735e-04
1.3517e+01 1.9742e-04
1.3524e+01 1.9750e-04
1.3531e+01 1.9757e-04
1.3538e+01 1.9764e-04
1.3545e+01 1.9771e-04
1.3552e+01 1.9778e-04
1.3559e+01 1.9785e-04
1.3566e+01 1.9792e-04
1.3573e+01 1.9798e-04
1.3580e+01 1.9805e-04
1.3587e+01 1.9811e-04
1.3594e+01 1.9818e-04
1.3601e+01 1.9824e-04
1.3608e+01 1.9830e-04
1.3615e+01 1.9836e-04
1.3622e+01 1.9842e-04
1.3629e+01 1.9847e-04
1.3636e+01 1.9853e-04
1.3643e+01 1.9859e-04
1.3650e+01 1.9864e-04
1.3657e+01 1.9870e-04
1.3664e+01 1.9875e-04
1.3671e+01 1.9880e-04
1.3678e+01 1.9885e-04
1.3685e+01 1.9890e-04
1.3692e+01 1.9895e-04
1.3699e+01 1.9899e-04
1.3706e+01 1.9904e-04
1.3713e+01 1.9909e-04
1.3720e+01 1.9913e-04
1.3727e+01 1.9917e-04
1.3734e+01 1.9921e-04
1.3741e+01 1.9926e-04
1.3748e+01 1.9929e-04
1.3755e+01 1.9933e-04
1.3762e+01 1.9937e-04
1.3769e+01 1.9941e-04
1.3776e+01 1.9944e-04
1.3783e+01 1.9948e-04
1.3790e+01 1.9951e-04
1.3797e+01 1.9954e-04
1.3804e+01 1.9957e-04
1.3811e+01 1.9960e-04
1.3818e+01 1.9963e-04
1.3825e+01 1.9966e-04
1.3832e+01 1.9969e-04
1.3839e+01 1.9971e-04
1.3846e+01 1.9974e-04
1.3853e+01 1.9976e-04
1.3860e+01 1.9978e-04
1.3867e+01 1.9980e-04
1.3874e+01 1.9982e-04
1.3881e+01 1.9984e-04
1.3888e+01 1.9986e-04
1.3895e+01 1.9988e-04
1.3902e+01 1.9989e-04
1.3909e+01 1.9991e-04
1.3916e+01 1.9992e-04
1.3923e+01 1.9993e-04
1.3930e+01 1.9995e-04
1.3937e+01 1.9996e-04
1.3944e+01 1.9997e-04
1.3951e+01 1.9997e-04
1.3958e+01 1.9998e-04
1.3965e+01 1.9999e-04
1.3972e+01 1.9999e-04
1.3979e+01 2.0000e-04
1.3986e+01 2.0000e-04
1.3993e+01 2.0000e-04
1.4000e+01 2.0000e-04
