0.0000e+00 1.3419e-07
6.0030e-03 1.3526e-07
1.2006e-02 1.3635e-07
1.8009e-02 1.3744e-07
2.4012e-02 1.3855e-07
3.0015e-02 1.3966e-07
3.6018e-02 1.4078e-07
4.2021e-02 1.4190e-07
4.8024e-02 1.4304e-07
5.4027e-02 1.4418e-07
6.0030e-02 1.4534e-07
6.6033e-02 1.4650e-07
7.2036e-02 1.4767e-07
7.8039e-02 1.4885e-07
8.4042e-02 1.5004e-07
9.0045e-02 1.5123e-07
9.6048e-02 1.5244e-07
1.0205e-01 1.5365e-07
1.0805e-01 1.5488e-07
1.1406e-01 1.5611e-07
1.2006e-01 1.5735e-07
1.2606e-01 1.5861e-07
1.3207e-01 1.5987e-07
1.3807e-01 1.6114e-07
1.4407e-01 1.6242e-07
1.5008e-01 1.6371e-07
1.5608e-01 1.6500e-07
1.6208e-01 1.6631e-07
1.6808e-01 1.6763e-07
1.7409e-01 1.6896e-07
1.8009e-01 1.7030e-07
1.8609e-01 1.7164e-07
1.9210e-01 1.7300e-07
1.9810e-01 1.7437e-07
2.0410e-01 1.7575e-07
2.1011e-01 1.7713e-07
2.1611e-01 1.7853e-07
2.2211e-01 1.7994e-07
2.2811e-01 1.8136e-07
2.3412e-01 1.8279e-07
2.4012e-01 1.8423e-07
2.4612e-01 1.8568e-07
2.5213e-01 1.8714e-07
2.5813e-01 1.8861e-07
2.6413e-01 1.9009e-07
2.7014e-01 1.9159e-07
2.7614e-01 1.9309e-07
2.8214e-01 1.9461e-07
2.8814e-01 1.9613e-07
2.9415e-01 1.9767e-07
3.0015e-01 1.9922e-07
3.0615e-01 2.0078e-07
3.1216e-01 2.0235e-07
3.1816e-01 2.0394e-07
3.2416e-01 2.0553e-07
3.3017e-01 2.0714e-07
3.3617e-01 2.0876e-07
3.4217e-01 2.1039e-07
3.4817e-01 2.1203e-07
3.5418e-01 2.1368e-07
3.6018e-01 2.1535e-07
3.6618e-01 2.1703e-07
3.7219e-01 2.1872e-07
3.7819e-01 2.2042e-07
3.8419e-01 2.2213e-07
3.9020e-01 2.2386e-07
3.9620e-01 2.2560e-07
4.0220e-01 2.2735e-07
4.0820e-01 2.2912e-07
4.1421e-01 2.3090e-07
4.2021e-01 2.3269e-07
4.2621e-01 2.3449e-07
4.3222e-01 2.3631e-07
4.3822e-01 2.3814e-07
4.4422e-01 2.3998e-07
4.5023e-01 2.4184e-07
4.5623e-01 2.4371e-07
4.6223e-01 2.4559e-07
4.6823e-01 2.4749e-07
4.7424e-01 2.4940e-07
4.8024e-01 2.5132e-07
4.8624e-01 2.5326e-07
4.9225e-01 2.5521e-07
4.9825e-01 2.5718e-07
5.0425e-01 2.5916e-07
5.1026e-01 2.6115e-07
5.1626e-01 2.6316e-07
5.2226e-01 2.6518e-07
5.2826e-01 2.6722e-07
5.3427e-01 2.6927e-07
5.4027e-01 2.7134e-07
5.4627e-01 2.7342e-07
5.5228e-01 2.7552e-07
5.5828e-01 2.7763e-07
5.6428e-01 2.7975e-07
5.7029e-01 2.8189e-07
5.7629e-01 2.8405e-07
5.8229e-01 2.8622e-07
5.8829e-01 2.8841e-07
5.9430e-01 2.9061e-07
6.0030e-01 2.9283e-07
6.0630e-01 2.9507e-07
6.1231e-01 2.9732e-07
6.1831e-01 2.9958e-07
6.2431e-01 3.0187e-07
6.3032e-01 3.0416e-07
6.3632e-01 3.0648e-07
6.4232e-01 3.0881e-07
6.4832e-01 3.1116e-07
6.5433e-01 3.1352e-07
6.6033e-01 3.1590e-07
6.6633e-01 3.1830e-07
6.7234e-01 3.2072e-07
6.7834e-01 3.2315e-07
6.8434e-01 3.2560e-07
6.9035e-01 3.2806e-07
6.9635e-01 3.3055e-07
7.0235e-01 3.3305e-07
7.0835e-01 3.3557e-07
7.1436e-01 3.3810e-07
7.2036e-01 3.4066e-07
7.2636e-01 3.4323e-07
7.3237e-01 3.4582e-07
7.3837e-01 3.4843e-07
7.4437e-01 3.5105e-07
7.5038e-01 3.5370e-07
7.5638e-01 3.5636e-07
7.6238e-01 3.5904e-07
7.6838e-01 3.6174e-07
7.7439e-01 3.6446e-07
7.8039e-01 3.6720e-07
7.8639e-01 3.6996e-07
7.9240e-01 3.7273e-07
7.9840e-01 3.7553e-07
8.0440e-01 3.7835e-07
8.1041e-01 3.8118e-07
8.1641e-01 3.8404e-07
8.2241e-01 3.8691e-07
8.2841e-01 3.8980e-07
8.3442e-01 3.9272e-07
8.4042e-01 3.9565e-07
8.4642e-01 3.9861e-07
8.5243e-01 4.0159e-07
8.5843e-01 4.0458e-07
8.6443e-01 4.0760e-07
8.7044e-01 4.1064e-07
8.7644e-01 4.1370e-07
8.8244e-01 4.1678e-07
8.8844e-01 4.1988e-07
8.9445e-01 4.2300e-07
9.0045e-01 4.2614e-07
9.0645e-01 4.2931e-07
9.1246e-01 4.3250e-07
9.1846e-01 4.3571e-07
9.2446e-01 4.3894e-07
9.3047e-01 4.4219e-07
9.3647e-01 4.4547e-07
9.4247e-01 4.4877e-07
9.4847e-01 4.5209e-07
9.5448e-01 4.5543e-07
9.6048e-01 4.5880e-07
9.6648e-01 4.6219e-07
9.7249e-01 4.6560e-07
9.7849e-01 4.6904e-07
9.8449e-01 4.7250e-07
9.9050e-01 4.7598e-07
9.9650e-01 4.7949e-07
1.0025e+00 4.8302e-07
1.0085e+00 4.8657e-07
1.0145e+00 4.9015e-07
1.0205e+00 4.9376e-07
1.0265e+00 4.9738e-07
1.0325e+00 5.0104e-07
1.0385e+00 5.0472e-07
1.0445e+00 5.0842e-07
1.0505e+00 5.1215e-07
1.0565e+00 5.1590e-07
1.0625e+00 5.1968e-07
1.0685e+00 5.2348e-07
1.0745e+00 5.2731e-07
1.0805e+00 5.3117e-07
1.0865e+00 5.3505e-07
1.0925e+00 5.3896e-07
1.0985e+00 5.4289e-07
1.1046e+00 5.4685e-07
1.1106e+00 5.5084e-07
1.1166e+00 5.5485e-07
1.1226e+00 5.5889e-07
1.1286e+00 5.6296e-07
1.1346e+00 5.6706e-07
1.1406e+00 5.7118e-07
1.1466e+00 5.7533e-07
1.1526e+00 5.7951e-07
1.1586e+00 5.8372e-07
1.1646e+00 5.8795e-07
1.1706e+00 5.9222e-07
1.1766e+00 5.9651e-07
1.1826e+00 6.0083e-07
1.1886e+00 6.0518e-07
1.1946e+00 6.0956e-07
1.2006e+00 6.1397e-07
1.2066e+00 6.1840e-07
1.2126e+00 6.2287e-07
1.2186e+00 6.2737e-07
1.2246e+00 6.3189e-07
1.2306e+00 6.3645e-07
1.2366e+00 6.4104e-07
1.2426e+00 6.4565e-07
1.2486e+00 6.5030e-07
1.2546e+00 6.5498e-07
1.2606e+00 6.5969e-07
1.2666e+00 6.6443e-07
1.2726e+00 6.6920e-07
1.2786e+00 6.7401e-07
1.2846e+00 6.7884e-07
1.2906e+00 6.8371e-07
1.2966e+00 6.8861e-07
1.3027e+00 6.9354e-07
1.3087e+00 6.9851e-07
1.3147e+00 7.0351e-07
1.3207e+00 7.0854e-07
1.3267e+00 7.1360e-07
1.3327e+00 7.1870e-07
1.3387e+00 7.2383e-07
1.3447e+00 7.2899e-07
1.3507e+00 7.3419e-07
1.3567e+00 7.3942e-07
1.3627e+00 7.4469e-07
1.3687e+00 7.4999e-07
1.3747e+00 7.5533e-07
1.3807e+00 7.6070e-07
1.3867e+00 7.6610e-07
1.3927e+00 7.7154e-07
1.3987e+00 7.7702e-07
1.4047e+00 7.8253e-07
1.4107e+00 7.8808e-07
1.4167e+00 7.9366e-07
1.4227e+00 7.9929e-07
1.4287e+00 8.0494e-07
1.4347e+00 8.1064e-07
1.4407e+00 8.1637e-07
1.4467e+00 8.2214e-07
1.4527e+00 8.2794e-07
1.4587e+00 8.3379e-07
1.4647e+00 8.3967e-07
1.4707e+00 8.4559e-07
1.4767e+00 8.5154e-07
1.4827e+00 8.5754e-07
1.4887e+00 8.6358e-07
1.4947e+00 8.6965e-07
1.5008e+00 8.7576e-07
1.5068e+00 8.8192e-07
1.5128e+00 8.8811e-07
1.5188e+00 8.9434e-07
1.5248e+00 9.0061e-07
1.5308e+00 9.0693e-07
1.5368e+00 9.1328e-07
1.5428e+00 9.1967e-07
1.5488e+00 9.2611e-07
1.5548e+00 9.3258e-07
1.5608e+00 9.3910e-07
1.5668e+00 9.4566e-07
1.5728e+00 9.5226e-07
1.5788e+00 9.5891e-07
1.5848e+00 9.6560e-07
1.5908e+00 9.7232e-07
1.5968e+00 9.7910e-07
1.6028e+00 9.8591e-07
1.6088e+00 9.9277e-07
1.6148e+00 9.9967e-07
1.6208e+00 1.0066e-06
1.6268e+00 1.0136e-06
1.6328e+00 1.0206e-06
1.6388e+00 1.0277e-06
1.6448e+00 1.0349e-06
1.6508e+00 1.0420e-06
1.6568e+00 1.0492e-06
1.6628e+00 1.0565e-06
1.6688e+00 1.0638e-06
1.6748e+00 1.0712e-06
1.6808e+00 1.0786e-06
1.6868e+00 1.0860e-06
1.6928e+00 1.0935e-06
1.6988e+00 1.1010e-06
1.7049e+00 1.1086e-06
1.7109e+00 1.1163e-06
1.7169e+00 1.1240e-06
1.7229e+00 1.1317e-06
1.7289e+00 1.1395e-06
1.7349e+00 1.1473e-06
1.7409e+00 1.1552e-06
1.7469e+00 1.1631e-06
1.7529e+00 1.1711e-06
1.7589e+00 1.1791e-06
1.7649e+00 1.1872e-06
1.7709e+00 1.1953e-06
1.7769e+00 1.2035e-06
1.7829e+00 1.2117e-06
1.7889e+00 1.2200e-06
1.7949e+00 1.2284e-06
1.8009e+00 1.2367e-06
1.8069e+00 1.2452e-06
1.8129e+00 1.2537e-06
1.8189e+00 1.2622e-06
1.8249e+00 1.2708e-06
1.8309e+00 1.2795e-06
1.8369e+00 1.2882e-06
1.8429e+00 1.2969e-06
1.8489e+00 1.3058e-06
1.8549e+00 1.3146e-06
1.8609e+00 1.3235e-06
1.8669e+00 1.3325e-06
1.8729e+00 1.3416e-06
1.8789e+00 1.3506e-06
1.8849e+00 1.3598e-06
1.8909e+00 1.3690e-06
1.8969e+00 1.3783e-06
1.9030e+00 1.3876e-06
1.9090e+00 1.3969e-06
1.9150e+00 1.4064e-06
1.9210e+00 1.4159e-06
1.9270e+00 1.4254e-06
1.9330e+00 1.4350e-06
1.9390e+00 1.4447e-06
1.9450e+00 1.4544e-06
1.9510e+00 1.4642e-06
1.9570e+00 1.4740e-06
1.9630e+00 1.4839e-06
1.9690e+00 1.4939e-06
1.9750e+00 1.5039e-06
1.9810e+00 1.5140e-06
1.9870e+00 1.5242e-06
1.9930e+00 1.5344e-06
1.9990e+00 1.5446e-06
2.0050e+00 1.5550e-06
2.0110e+00 1.5654e-06
2.0170e+00 1.5758e-06
2.0230e+00 1.5864e-06
2.0290e+00 1.5970e-06
2.0350e+00 1.6076e-06
2.0410e+00 1.6183e-06
2.0470e+00 1.6291e-06
2.0530e+00 1.6400e-06
2.0590e+00 1.6509e-06
2.0650e+00 1.6619e-06
2.0710e+00 1.6729e-06
2.0770e+00 1.6840e-06
2.0830e+00 1.6952e-06
2.0890e+00 1.7064e-06
2.0950e+00 1.7178e-06
2.1011e+00 1.7291e-06
2.1071e+00 1.7406e-06
2.1131e+00 1.7521e-06
2.1191e+00 1.7637e-06
2.1251e+00 1.7754e-06
2.1311e+00 1.7871e-06
2.1371e+00 1.7989e-06
2.1431e+00 1.8107e-06
2.1491e+00 1.8227e-06
2.1551e+00 1.8347e-06
2.1611e+00 1.8468e-06
2.1671e+00 1.8589e-06
2.1731e+00 1.8712e-06
2.1791e+00 1.8835e-06
2.1851e+00 1.8958e-06
2.1911e+00 1.9083e-06
2.1971e+00 1.9208e-06
2.2031e+00 1.9334e-06
2.2091e+00 1.9461e-06
2.2151e+00 1.9588e-06
2.2211e+00 1.9717e-06
2.2271e+00 1.9845e-06
2.2331e+00 1.9975e-06
2.2391e+00 2.0106e-06
2.2451e+00 2.0237e-06
2.2511e+00 2.0369e-06
2.2571e+00 2.0502e-06
2.2631e+00 2.0636e-06
2.2691e+00 2.0770e-06
2.2751e+00 2.0905e-06
2.2811e+00 2.1041e-06
2.2871e+00 2.1178e-06
2.2931e+00 2.1316e-06
2.2991e+00 2.1454e-06
2.3052e+00 2.1593e-06
2.3112e+00 2.1733e-06
2.3172e+00 2.1874e-06
2.3232e+00 2.2016e-06
2.3292e+00 2.2158e-06
2.3352e+00 2.2302e-06
2.3412e+00 2.2446e-06
2.3472e+00 2.2591e-06
2.3532e+00 2.2737e-06
2.3592e+00 2.2883e-06
2.3652e+00 2.3031e-06
2.3712e+00 2.3179e-06
2.3772e+00 2.3329e-06
2.3832e+00 2.3479e-06
2.3892e+00 2.3630e-06
2.3952e+00 2.3782e-06
2.4012e+00 2.3935e-06
2.4072e+00 2.4088e-06
2.4132e+00 2.4243e-06
2.4192e+00 2.4398e-06
2.4252e+00 2.4555e-06
2.4312e+00 2.4712e-06
2.4372e+00 2.4870e-06
2.4432e+00 2.5029e-06
2.4492e+00 2.5189e-06
2.4552e+00 2.5350e-06
2.4612e+00 2.5512e-06
2.4672e+00 2.5675e-06
2.4732e+00 2.5839e-06
2.4792e+00 2.6003e-06
2.4852e+00 2.6169e-06
2.4912e+00 2.6335e-06
2.4972e+00 2.6503e-06
2.5033e+00 2.6671e-06
2.5093e+00 2.6841e-06
2.5153e+00 2.7011e-06
2.5213e+00 2.7183e-06
2.5273e+00 2.7355e-06
2.5333e+00 2.7528e-06
2.5393e+00 2.7703e-06
2.5453e+00 2.7878e-06
2.5513e+00 2.8054e-06
2.5573e+00 2.8232e-06
2.5633e+00 2.8410e-06
2.5693e+00 2.8589e-06
2.5753e+00 2.8770e-06
2.5813e+00 2.8951e-06
2.5873e+00 2.9133e-06
2.5933e+00 2.9317e-06
2.5993e+00 2.9501e-06
2.6053e+00 2.9687e-06
2.6113e+00 2.9873e-06
2.6173e+00 3.0061e-06
2.6233e+00 3.0249e-06
2.6293e+00 3.0439e-06
2.6353e+00 3.0630e-06
2.6413e+00 3.0822e-06
2.6473e+00 3.1015e-06
2.6533e+00 3.1209e-06
2.6593e+00 3.1404e-06
2.6653e+00 3.1600e-06
2.6713e+00 3.1797e-06
2.6773e+00 3.1996e-06
2.6833e+00 3.2195e-06
2.6893e+00 3.2396e-06
2.6953e+00 3.2598e-06
2.7014e+00 3.2801e-06
2.7074e+00 3.3005e-06
2.7134e+00 3.3210e-06
2.7194e+00 3.3416e-06
2.7254e+00 3.3623e-06
2.7314e+00 3.3832e-06
2.7374e+00 3.4042e-06
2.7434e+00 3.4253e-06
2.7494e+00 3.4465e-06
2.7554e+00 3.4678e-06
2.7614e+00 3.4892e-06
2.7674e+00 3.5108e-06
2.7734e+00 3.5325e-06
2.7794e+00 3.5543e-06
2.7854e+00 3.5762e-06
2.7914e+00 3.5982e-06
2.7974e+00 3.6204e-06
2.8034e+00 3.6427e-06
2.8094e+00 3.6651e-06
2.8154e+00 3.6876e-06
2.8214e+00 3.7103e-06
2.8274e+00 3.7330e-06
2.8334e+00 3.7559e-06
2.8394e+00 3.7790e-06
2.8454e+00 3.8021e-06
2.8514e+00 3.8254e-06
2.8574e+00 3.8488e-06
2.8634e+00 3.8723e-06
2.8694e+00 3.8960e-06
2.8754e+00 3.9198e-06
2.8814e+00 3.9437e-06
2.8874e+00 3.9678e-06
2.8934e+00 3.9920e-06
2.8994e+00 4.0163e-06
2.9055e+00 4.0407e-06
2.9115e+00 4.0653e-06
2.9175e+00 4.0900e-06
2.9235e+00 4.1148e-06
2.9295e+00 4.1398e-06
2.9355e+00 4.1649e-06
2.9415e+00 4.1902e-06
2.9475e+00 4.2156e-06
2.9535e+00 4.2411e-06
2.9595e+00 4.2668e-06
2.9655e+00 4.2926e-06
2.9715e+00 4.3185e-06
2.9775e+00 4.3446e-06
2.9835e+00 4.3708e-06
2.9895e+00 4.3971e-06
2.9955e+00 4.4236e-06
3.0015e+00 4.4503e-06
3.0075e+00 4.4771e-06
3.0135e+00 4.5040e-06
3.0195e+00 4.5310e-06
3.0255e+00 4.5583e-06
3.0315e+00 4.5856e-06
3.0375e+00 4.6131e-06
3.0435e+00 4.6408e-06
3.0495e+00 4.6686e-06
3.0555e+00 4.6965e-06
3.0615e+00 4.7246e-06
3.0675e+00 4.7529e-06
3.0735e+00 4.7812e-06
3.0795e+00 4.8098e-06
3.0855e+00 4.8385e-06
3.0915e+00 4.8673e-06
3.0975e+00 4.8963e-06
3.1036e+00 4.9255e-06
3.1096e+00 4.9548e-06
3.1156e+00 4.9842e-06
3.1216e+00 5.0139e-06
3.1276e+00 5.0436e-06
3.1336e+00 5.0735e-06
3.1396e+00 5.1036e-06
3.1456e+00 5.1339e-06
3.1516e+00 5.1643e-06
3.1576e+00 5.1948e-06
3.1636e+00 5.2255e-06
3.1696e+00 5.2564e-06
3.1756e+00 5.2875e-06
3.1816e+00 5.3187e-06
3.1876e+00 5.3500e-06
3.1936e+00 5.3816e-06
3.1996e+00 5.4133e-06
3.2056e+00 5.4451e-06
3.2116e+00 5.4771e-06
3.2176e+00 5.5093e-06
3.2236e+00 5.5417e-06
3.2296e+00 5.5742e-06
3.2356e+00 5.6069e-06
3.2416e+00 5.6398e-06
3.2476e+00 5.6728e-06
3.2536e+00 5.7060e-06
3.2596e+00 5.7394e-06
3.2656e+00 5.7729e-06
3.2716e+00 5.8066e-06
3.2776e+00 5.8405e-06
3.2836e+00 5.8746e-06
3.2896e+00 5.9088e-06
3.2956e+00 5.9433e-06
3.3017e+00 5.9778e-06
3.3077e+00 6.0126e-06
3.3137e+00 6.0476e-06
3.3197e+00 6.0827e-06
3.3257e+00 6.1180e-06
3.3317e+00 6.1535e-06
3.3377e+00 6.1892e-06
3.3437e+00 6.2250e-06
3.3497e+00 6.2610e-06
3.3557e+00 6.2973e-06
3.3617e+00 6.3337e-06
3.3677e+00 6.3702e-06
3.3737e+00 6.4070e-06
3.3797e+00 6.4440e-06
3.3857e+00 6.4811e-06
3.3917e+00 6.5185e-06
3.3977e+00 6.5560e-06
3.4037e+00 6.5937e-06
3.4097e+00 6.6316e-06
3.4157e+00 6.6697e-06
3.4217e+00 6.7080e-06
3.4277e+00 6.7464e-06
3.4337e+00 6.7851e-06
3.4397e+00 6.8240e-06
3.4457e+00 6.8630e-06
3.4517e+00 6.9023e-06
3.4577e+00 6.9417e-06
3.4637e+00 6.9814e-06
3.4697e+00 7.0212e-06
3.4757e+00 7.0613e-06
3.4817e+00 7.1015e-06
3.4877e+00 7.1420e-06
3.4937e+00 7.1826e-06
3.4997e+00 7.2235e-06
3.5058e+00 7.2646e-06
3.5118e+00 7.3058e-06
3.5178e+00 7.3473e-06
3.5238e+00 7.3890e-06
3.5298e+00 7.4308e-06
3.5358e+00 7.4729e-06
3.5418e+00 7.5152e-06
3.5478e+00 7.5577e-06
3.5538e+00 7.6004e-06
3.5598e+00 7.6433e-06
3.5658e+00 7.6865e-06
3.5718e+00 7.7298e-06
3.5778e+00 7.7734e-06
3.5838e+00 7.8172e-06
3.5898e+00 7.8612e-06
3.5958e+00 7.9054e-06
3.6018e+00 7.9498e-06
3.6078e+00 7.9944e-06
3.6138e+00 8.0393e-06
3.6198e+00 8.0844e-06
3.6258e+00 8.1297e-06
3.6318e+00 8.1752e-06
3.6378e+00 8.2209e-06
3.6438e+00 8.2669e-06
3.6498e+00 8.3131e-06
3.6558e+00 8.3595e-06
3.6618e+00 8.4061e-06
3.6678e+00 8.4530e-06
3.6738e+00 8.5001e-06
3.6798e+00 8.5474e-06
3.6858e+00 8.5950e-06
3.6918e+00 8.6427e-06
3.6978e+00 8.6907e-06
3.7039e+00 8.7390e-06
3.7099e+00 8.7875e-06
3.7159e+00 8.8362e-06
3.7219e+00 8.8851e-06
3.7279e+00 8.9343e-06
3.7339e+00 8.9837e-06
3.7399e+00 9.0333e-06
3.7459e+00 9.0832e-06
3.7519e+00 9.1334e-06
3.7579e+00 9.1837e-06
3.7639e+00 9.2343e-06
3.7699e+00 9.2852e-06
3.7759e+00 9.3363e-06
3.7819e+00 9.3876e-06
3.7879e+00 9.4392e-06
3.7939e+00 9.4910e-06
3.7999e+00 9.5431e-06
3.8059e+00 9.5954e-06
3.8119e+00 9.6480e-06
3.8179e+00 9.7008e-06
3.8239e+00 9.7539e-06
3.8299e+00 9.8072e-06
3.8359e+00 9.8608e-06
3.8419e+00 9.9146e-06
3.8479e+00 9.9687e-06
3.8539e+00 1.0023e-05
3.8599e+00 1.0078e-05
3.8659e+00 1.0132e-05
3.8719e+00 1.0188e-05
3.8779e+00 1.0243e-05
3.8839e+00 1.0298e-05
3.8899e+00 1.0354e-05
3.8959e+00 1.0411e-05
3.9020e+00 1.0467e-05
3.9080e+00 1.0524e-05
3.9140e+00 1.0581e-05
3.9200e+00 1.0638e-05
3.9260e+00 1.0695e-05
3.9320e+00 1.0753e-05
3.9380e+00 1.0811e-05
3.9440e+00 1.0869e-05
3.9500e+00 1.0928e-05
3.9560e+00 1.0987e-05
3.9620e+00 1.1046e-05
3.9680e+00 1.1105e-05
3.9740e+00 1.1165e-05
3.9800e+00 1.1225e-05
3.9860e+00 1.1285e-05
3.9920e+00 1.1345e-05
3.9980e+00 1.1406e-05
4.0040e+00 1.1467e-05
4.0100e+00 1.1528e-05
4.0160e+00 1.1590e-05
4.0220e+00 1.1652e-05
4.0280e+00 1.1714e-05
4.0340e+00 1.1776e-05
4.0400e+00 1.1839e-05
4.0460e+00 1.1902e-05
4.0520e+00 1.1965e-05
4.0580e+00 1.2029e-05
4.0640e+00 1.2093e-05
4.0700e+00 1.2157e-05
4.0760e+00 1.2221e-05
4.0820e+00 1.2286e-05
4.0880e+00 1.2351e-05
4.0940e+00 1.2416e-05
4.1001e+00 1.2482e-05
4.1061e+00 1.2548e-05
4.1121e+00 1.2614e-05
4.1181e+00 1.2681e-05
4.1241e+00 1.2747e-05
4.1301e+00 1.2815e-05
4.1361e+00 1.2882e-05
4.1421e+00 1.2950e-05
4.1481e+00 1.3018e-05
4.1541e+00 1.3086e-05
4.1601e+00 1.3155e-05
4.1661e+00 1.3224e-05
4.1721e+00 1.3293e-05
4.1781e+00 1.3362e-05
4.1841e+00 1.3432e-05
4.1901e+00 1.3502e-05
4.1961e+00 1.3573e-05
4.2021e+00 1.3644e-05
4.2081e+00 1.3715e-05
4.2141e+00 1.3786e-05
4.2201e+00 1.3858e-05
4.2261e+00 1.3930e-05
4.2321e+00 1.4003e-05
4.2381e+00 1.4075e-05
4.2441e+00 1.4148e-05
4.2501e+00 1.4222e-05
4.2561e+00 1.4295e-05
4.2621e+00 1.4369e-05
4.2681e+00 1.4444e-05
4.2741e+00 1.4518e-05
4.2801e+00 1.4593e-05
4.2861e+00 1.4669e-05
4.2921e+00 1.4744e-05
4.2981e+00 1.4820e-05
4.3042e+00 1.4897e-05
4.3102e+00 1.4973e-05
4.3162e+00 1.5050e-05
4.3222e+00 1.5127e-05
4.3282e+00 1.5205e-05
4.3342e+00 1.5283e-05
4.3402e+00 1.5361e-05
4.3462e+00 1.5440e-05
4.3522e+00 1.5519e-05
4.3582e+00 1.5598e-05
4.3642e+00 1.5678e-05
4.3702e+00 1.5758e-05
4.3762e+00 1.5838e-05
4.3822e+00 1.5919e-05
4.3882e+00 1.6000e-05
4.3942e+00 1.6082e-05
4.4002e+00 1.6163e-05
4.4062e+00 1.6245e-05
4.4122e+00 1.6328e-05
4.4182e+00 1.6411e-05
4.4242e+00 1.6494e-05
4.4302e+00 1.6577e-05
4.4362e+00 1.6661e-05
4.4422e+00 1.6746e-05
4.4482e+00 1.6830e-05
4.4542e+00 1.6915e-05
4.4602e+00 1.7000e-05
4.4662e+00 1.7086e-05
4.4722e+00 1.7172e-05
4.4782e+00 1.7258e-05
4.4842e+00 1.7345e-05
4.4902e+00 1.7432e-05
4.4962e+00 1.7520e-05
4.5023e+00 1.7608e-05
4.5083e+00 1.7696e-05
4.5143e+00 1.7785e-05
4.5203e+00 1.7874e-05
4.5263e+00 1.7963e-05
4.5323e+00 1.8053e-05
4.5383e+00 1.8143e-05
4.5443e+00 1.8233e-05
4.5503e+00 1.8324e-05
4.5563e+00 1.8415e-05
4.5623e+00 1.8507e-05
4.5683e+00 1.8599e-05
4.5743e+00 1.8691e-05
4.5803e+00 1.8784e-05
4.5863e+00 1.8877e-05
4.5923e+00 1.8971e-05
4.5983e+00 1.9065e-05
4.6043e+00 1.9159e-05
4.6103e+00 1.9254e-05
4.6163e+00 1.9349e-05
4.6223e+00 1.9444e-05
4.6283e+00 1.9540e-05
4.6343e+00 1.9637e-05
4.6403e+00 1.9733e-05
4.6463e+00 1.9830e-05
4.6523e+00 1.9928e-05
4.6583e+00 2.0026e-05
4.6643e+00 2.0124e-05
4.6703e+00 2.0223e-05
4.6763e+00 2.0322e-05
4.6823e+00 2.0421e-05
4.6883e+00 2.0521e-05
4.6943e+00 2.0621e-05
4.7004e+00 2.0722e-05
4.7064e+00 2.0823e-05
4.7124e+00 2.0925e-05
4.7184e+00 2.1026e-05
4.7244e+00 2.1129e-05
4.7304e+00 2.1232e-05
4.7364e+00 2.1335e-05
4.7424e+00 2.1438e-05
4.7484e+00 2.1542e-05
4.7544e+00 2.1647e-05
4.7604e+00 2.1751e-05
4.7664e+00 2.1857e-05
4.7724e+00 2.1962e-05
4.7784e+00 2.2068e-05
4.7844e+00 2.2175e-05
4.7904e+00 2.2282e-05
4.7964e+00 2.2389e-05
4.8024e+00 2.2497e-05
4.8084e+00 2.2605e-05
4.8144e+00 2.2714e-05
4.8204e+00 2.2823e-05
4.8264e+00 2.2933e-05
4.8324e+00 2.3042e-05
4.8384e+00 2.3153e-05
4.8444e+00 2.3264e-05
4.8504e+00 2.3375e-05
4.8564e+00 2.3487e-05
4.8624e+00 2.3599e-05
4.8684e+00 2.3711e-05
4.8744e+00 2.3824e-05
4.8804e+00 2.3938e-05
4.8864e+00 2.4052e-05
4.8924e+00 2.4166e-05
4.8984e+00 2.4281e-05
4.9045e+00 2.4396e-05
4.9105e+00 2.4512e-05
4.9165e+00 2.4628e-05
4.9225e+00 2.4744e-05
4.9285e+00 2.4861e-05
4.9345e+00 2.4979e-05
4.9405e+00 2.5097e-05
4.9465e+00 2.5215e-05
4.9525e+00 2.5334e-05
4.9585e+00 2.5453e-05
4.9645e+00 2.5573e-05
4.9705e+00 2.5693e-05
4.9765e+00 2.5814e-05
4.9825e+00 2.5935e-05
4.9885e+00 2.6057e-05
4.9945e+00 2.6179e-05
5.0005e+00 2.6302e-05
5.0065e+00 2.6425e-05
5.0125e+00 2.6548e-05
5.0185e+00 2.6672e-05
5.0245e+00 2.6797e-05
5.0305e+00 2.6921e-05
5.0365e+00 2.7047e-05
5.0425e+00 2.7173e-05
5.0485e+00 2.7299e-05
5.0545e+00 2.7426e-05
5.0605e+00 2.7553e-05
5.0665e+00 2.7681e-05
5.0725e+00 2.7809e-05
5.0785e+00 2.7938e-05
5.0845e+00 2.8067e-05
5.0905e+00 2.8197e-05
5.0965e+00 2.8327e-05
5.1026e+00 2.8458e-05
5.1086e+00 2.8589e-05
5.1146e+00 2.8721e-05
5.1206e+00 2.8853e-05
5.1266e+00 2.8985e-05
5.1326e+00 2.9118e-05
5.1386e+00 2.9252e-05
5.1446e+00 2.9386e-05
5.1506e+00 2.9521e-05
5.1566e+00 2.9656e-05
5.1626e+00 2.9792e-05
5.1686e+00 2.9928e-05
5.1746e+00 3.0064e-05
5.1806e+00 3.0201e-05
5.1866e+00 3.0339e-05
5.1926e+00 3.0477e-05
5.1986e+00 3.0616e-05
5.2046e+00 3.0755e-05
5.2106e+00 3.0895e-05
5.2166e+00 3.1035e-05
5.2226e+00 3.1175e-05
5.2286e+00 3.1317e-05
5.2346e+00 3.1458e-05
5.2406e+00 3.1601e-05
5.2466e+00 3.1743e-05
5.2526e+00 3.1887e-05
5.2586e+00 3.2030e-05
5.2646e+00 3.2175e-05
5.2706e+00 3.2319e-05
5.2766e+00 3.2465e-05
5.2826e+00 3.2611e-05
5.2886e+00 3.2757e-05
5.2946e+00 3.2904e-05
5.3007e+00 3.3051e-05
5.3067e+00 3.3199e-05
5.3127e+00 3.3348e-05
5.3187e+00 3.3497e-05
5.3247e+00 3.3646e-05
5.3307e+00 3.3796e-05
5.3367e+00 3.3947e-05
5.3427e+00 3.4098e-05
5.3487e+00 3.4250e-05
5.3547e+00 3.4402e-05
5.3607e+00 3.4555e-05
5.3667e+00 3.4708e-05
5.3727e+00 3.4862e-05
5.3787e+00 3.5016e-05
5.3847e+00 3.5171e-05
5.3907e+00 3.5327e-05
5.3967e+00 3.5483e-05
5.4027e+00 3.5639e-05
5.4087e+00 3.5796e-05
5.4147e+00 3.5954e-05
5.4207e+00 3.6112e-05
5.4267e+00 3.6271e-05
5.4327e+00 3.6430e-05
5.4387e+00 3.6590e-05
5.4447e+00 3.6750e-05
5.4507e+00 3.6911e-05
5.4567e+00 3.7073e-05
5.4627e+00 3.7235e-05
5.4687e+00 3.7398e-05
5.4747e+00 3.7561e-05
5.4807e+00 3.7725e-05
5.4867e+00 3.7889e-05
5.4927e+00 3.8054e-05
5.4987e+00 3.8219e-05
5.5048e+00 3.8385e-05
5.5108e+00 3.8552e-05
5.5168e+00 3.8719e-05
5.5228e+00 3.8887e-05
5.5288e+00 3.9055e-05
5.5348e+00 3.9224e-05
5.5408e+00 3.9393e-05
5.5468e+00 3.9563e-05
5.5528e+00 3.9734e-05
5.5588e+00 3.9905e-05
5.5648e+00 4.0077e-05
5.5708e+00 4.0249e-05
5.5768e+00 4.0422e-05
5.5828e+00 4.0595e-05
5.5888e+00 4.0769e-05
5.5948e+00 4.0944e-05
5.6008e+00 4.1119e-05
5.6068e+00 4.1295e-05
5.6128e+00 4.1472e-05
5.6188e+00 4.1648e-05
5.6248e+00 4.1826e-05
5.6308e+00 4.2004e-05
5.6368e+00 4.2183e-05
5.6428e+00 4.2362e-05
5.6488e+00 4.2542e-05
5.6548e+00 4.2723e-05
5.6608e+00 4.2904e-05
5.6668e+00 4.3086e-05
5.6728e+00 4.3268e-05
5.6788e+00 4.3451e-05
5.6848e+00 4.3634e-05
5.6908e+00 4.3818e-05
5.6968e+00 4.4003e-05
5.7029e+00 4.4188e-05
5.7089e+00 4.4374e-05
5.7149e+00 4.4561e-05
5.7209e+00 4.4748e-05
5.7269e+00 4.4936e-05
5.7329e+00 4.5124e-05
5.7389e+00 4.5313e-05
5.7449e+00 4.5502e-05
5.7509e+00 4.5692e-05
5.7569e+00 4.5883e-05
5.7629e+00 4.6075e-05
5.7689e+00 4.6267e-05
5.7749e+00 4.6459e-05
5.7809e+00 4.6652e-05
5.7869e+00 4.6846e-05
5.7929e+00 4.7041e-05
5.7989e+00 4.7236e-05
5.8049e+00 4.7431e-05
5.8109e+00 4.7628e-05
5.8169e+00 4.7825e-05
5.8229e+00 4.8022e-05
5.8289e+00 4.8220e-05
5.8349e+00 4.8419e-05
5.8409e+00 4.8619e-05
5.8469e+00 4.8819e-05
5.8529e+00 4.9019e-05
5.8589e+00 4.9221e-05
5.8649e+00 4.9423e-05
5.8709e+00 4.9625e-05
5.8769e+00 4.9828e-05
5.8829e+00 5.0032e-05
5.8889e+00 5.0237e-05
5.8949e+00 5.0442e-05
5.9010e+00 5.0647e-05
5.9070e+00 5.0854e-05
5.9130e+00 5.1061e-05
5.9190e+00 5.1268e-05
5.9250e+00 5.1477e-05
5.9310e+00 5.1685e-05
5.9370e+00 5.1895e-05
5.9430e+00 5.2105e-05
5.9490e+00 5.2316e-05
5.9550e+00 5.2528e-05
5.9610e+00 5.2740e-05
5.9670e+00 5.2952e-05
5.9730e+00 5.3166e-05
5.9790e+00 5.3380e-05
5.9850e+00 5.3595e-05
5.9910e+00 5.3810e-05
5.9970e+00 5.4026e-05
6.0030e+00 5.4243e-05
6.0090e+00 5.4460e-05
6.0150e+00 5.4678e-05
6.0210e+00 5.4896e-05
6.0270e+00 5.5116e-05
6.0330e+00 5.5336e-05
6.0390e+00 5.5556e-05
6.0450e+00 5.5777e-05
6.0510e+00 5.5999e-05
6.0570e+00 5.6222e-05
6.0630e+00 5.6445e-05
6.0690e+00 5.6669e-05
6.0750e+00 5.6893e-05
6.0810e+00 5.7118e-05
6.0870e+00 5.7344e-05
6.0930e+00 5.7571e-05
6.0990e+00 5.7798e-05
6.1051e+00 5.8026e-05
6.1111e+00 5.8254e-05
6.1171e+00 5.8483e-05
6.1231e+00 5.8713e-05
6.1291e+00 5.8944e-05
6.1351e+00 5.9175e-05
6.1411e+00 5.9407e-05
6.1471e+00 5.9639e-05
6.1531e+00 5.9872e-05
6.1591e+00 6.0106e-05
6.1651e+00 6.0341e-05
6.1711e+00 6.0576e-05
6.1771e+00 6.0812e-05
6.1831e+00 6.1048e-05
6.1891e+00 6.1285e-05
6.1951e+00 6.1523e-05
6.2011e+00 6.1762e-05
6.2071e+00 6.2001e-05
6.2131e+00 6.2241e-05
6.2191e+00 6.2481e-05
6.2251e+00 6.2723e-05
6.2311e+00 6.2965e-05
6.2371e+00 6.3207e-05
6.2431e+00 6.3451e-05
6.2491e+00 6.3695e-05
6.2551e+00 6.3939e-05
6.2611e+00 6.4185e-05
6.2671e+00 6.4431e-05
6.2731e+00 6.4677e-05
6.2791e+00 6.4925e-05
6.2851e+00 6.5173e-05
6.2911e+00 6.5422e-05
6.2971e+00 6.5671e-05
6.3032e+00 6.5921e-05
6.3092e+00 6.6172e-05
6.3152e+00 6.6424e-05
6.3212e+00 6.6676e-05
6.3272e+00 6.6929e-05
6.3332e+00 6.7182e-05
6.3392e+00 6.7437e-05
6.3452e+00 6.7691e-05
6.3512e+00 6.7947e-05
6.3572e+00 6.8204e-05
6.3632e+00 6.8461e-05
6.3692e+00 6.8718e-05
6.3752e+00 6.8977e-05
6.3812e+00 6.9236e-05
6.3872e+00 6.9496e-05
6.3932e+00 6.9756e-05
6.3992e+00 7.0017e-05
6.4052e+00 7.0279e-05
6.4112e+00 7.0542e-05
6.4172e+00 7.0805e-05
6.4232e+00 7.1069e-05
6.4292e+00 7.1334e-05
6.4352e+00 7.1599e-05
6.4412e+00 7.1865e-05
6.4472e+00 7.2132e-05
6.4532e+00 7.2400e-05
6.4592e+00 7.2668e-05
6.4652e+00 7.2937e-05
6.4712e+00 7.3207e-05
6.4772e+00 7.3477e-05
6.4832e+00 7.3748e-05
6.4892e+00 7.4020e-05
6.4952e+00 7.4292e-05
6.5013e+00 7.4565e-05
6.5073e+00 7.4839e-05
6.5133e+00 7.5114e-05
6.5193e+00 7.5389e-05
6.5253e+00 7.5665e-05
6.5313e+00 7.5941e-05
6.5373e+00 7.6219e-05
6.5433e+00 7.6497e-05
6.5493e+00 7.6776e-05
6.5553e+00 7.7055e-05
6.5613e+00 7.7335e-05
6.5673e+00 7.7616e-05
6.5733e+00 7.7898e-05
6.5793e+00 7.8180e-05
6.5853e+00 7.8463e-05
6.5913e+00 7.8747e-05
6.5973e+00 7.9031e-05
6.6033e+00 7.9316e-05
6.6093e+00 7.9602e-05
6.6153e+00 7.9889e-05
6.6213e+00 8.0176e-05
6.6273e+00 8.0464e-05
6.6333e+00 8.0753e-05
6.6393e+00 8.1042e-05
6.6453e+00 8.1332e-05
6.6513e+00 8.1623e-05
6.6573e+00 8.1915e-05
6.6633e+00 8.2207e-05
6.6693e+00 8.2500e-05
6.6753e+00 8.2794e-05
6.6813e+00 8.3088e-05
6.6873e+00 8.3383e-05
6.6933e+00 8.3679e-05
6.6993e+00 8.3976e-05
6.7054e+00 8.4273e-05
6.7114e+00 8.4571e-05
6.7174e+00 8.4869e-05
6.7234e+00 8.5169e-05
6.7294e+00 8.5469e-05
6.7354e+00 8.5770e-05
6.7414e+00 8.6071e-05
6.7474e+00 8.6374e-05
6.7534e+00 8.6677e-05
6.7594e+00 8.6980e-05
6.7654e+00 8.7285e-05
6.7714e+00 8.7590e-05
6.7774e+00 8.7896e-05
6.7834e+00 8.8202e-05
6.7894e+00 8.8509e-05
6.7954e+00 8.8817e-05
6.8014e+00 8.9126e-05
6.8074e+00 8.9435e-05
6.8134e+00 8.9746e-05
6.8194e+00 9.0056e-05
6.8254e+00 9.0368e-05
6.8314e+00 9.0680e-05
6.8374e+00 9.0993e-05
6.8434e+00 9.1307e-05
6.8494e+00 9.1621e-05
6.8554e+00 9.1936e-05
6.8614e+00 9.2252e-05
6.8674e+00 9.2569e-05
6.8734e+00 9.2886e-05
6.8794e+00 9.3204e-05
6.8854e+00 9.3523e-05
6.8914e+00 9.3842e-05
6.8974e+00 9.4162e-05
6.9035e+00 9.4483e-05
6.9095e+00 9.4805e-05
6.9155e+00 9.5127e-05
6.9215e+00 9.5450e-05
6.9275e+00 9.5773e-05
6.9335e+00 9.6098e-05
6.9395e+00 9.6423e-05
6.9455e+00 9.6749e-05
6.9515e+00 9.7075e-05
6.9575e+00 9.7403e-05
6.9635e+00 9.7730e-05
6.9695e+00 9.8059e-05
6.9755e+00 9.8389e-05
6.9815e+00 9.8719e-05
6.9875e+00 9.9049e-05
6.9935e+00 9.9381e-05
6.9995e+00 9.9713e-05
7.0055e+00 1.0005e-04
7.0115e+00 1.0038e-04
7.0175e+00 1.0071e-04
7.0235e+00 1.0105e-04
7.0295e+00 1.0138e-04
7.0355e+00 1.0172e-04
7.0415e+00 1.0206e-04
7.0475e+00 1.0240e-04
7.0535e+00 1.0274e-04
7.0595e+00 1.0307e-04
7.0655e+00 1.0341e-04
7.0715e+00 1.0376e-04
7.0775e+00 1.0410e-04
7.0835e+00 1.0444e-04
7.0895e+00 1.0478e-04
7.0955e+00 1.0513e-04
7.1016e+00 1.0547e-04
7.1076e+00 1.0581e-04
7.1136e+00 1.0616e-04
7.1196e+00 1.0651e-04
7.1256e+00 1.0685e-04
7.1316e+00 1.0720e-04
7.1376e+00 1.0755e-04
7.1436e+00 1.0790e-04
7.1496e+00 1.0825e-04
7.1556e+00 1.0860e-04
7.1616e+00 1.0895e-04
7.1676e+00 1.0930e-04
7.1736e+00 1.0965e-04
7.1796e+00 1.1001e-04
7.1856e+00 1.1036e-04
7.1916e+00 1.1072e-04
7.1976e+00 1.1107e-04
7.2036e+00 1.1143e-04
7.2096e+00 1.1179e-04
7.2156e+00 1.1214e-04
7.2216e+00 1.1250e-04
7.2276e+00 1.1286e-04
7.2336e+00 1.1322e-04
7.2396e+00 1.1358e-04
7.2456e+00 1.1394e-04
7.2516e+00 1.1430e-04
7.2576e+00 1.1467e-04
7.2636e+00 1.1503e-04
7.2696e+00 1.1539e-04
7.2756e+00 1.1576e-04
7.2816e+00 1.1612e-04
7.2876e+00 1.1649e-04
7.2936e+00 1.1685e-04
7.2996e+00 1.1722e-04
7.3057e+00 1.1759e-04
7.3117e+00 1.1796e-04
7.3177e+00 1.1833e-04
7.3237e+00 1.1870e-04
7.3297e+00 1.1907e-04
7.3357e+00 1.1944e-04
7.3417e+00 1.1981e-04
7.3477e+00 1.2018e-04
7.3537e+00 1.2056e-04
7.3597e+00 1.2093e-04
7.3657e+00 1.2130e-04
7.3717e+00 1.2168e-04
7.3777e+00 1.2206e-04
7.3837e+00 1.2243e-04
7.3897e+00 1.2281e-04
7.3957e+00 1.2319e-04
7.4017e+00 1.2357e-04
7.4077e+00 1.2395e-04
7.4137e+00 1.2433e-04
7.4197e+00 1.2471e-04
7.4257e+00 1.2509e-04
7.4317e+00 1.2547e-04
7.4377e+00 1.2585e-04
7.4437e+00 1.2624e-04
7.4497e+00 1.2662e-04
7.4557e+00 1.2700e-04
7.4617e+00 1.2739e-04
7.4677e+00 1.2778e-04
7.4737e+00 1.2816e-04
7.4797e+00 1.2855e-04
7.4857e+00 1.2894e-04
7.4917e+00 1.2933e-04
7.4977e+00 1.2971e-04
7.5038e+00 1.3010e-04
7.5098e+00 1.3050e-04
7.5158e+00 1.3089e-04
7.5218e+00 1.3128e-04
7.5278e+00 1.3167e-04
7.5338e+00 1.3206e-04
7.5398e+00 1.3246e-04
7.5458e+00 1.3285e-04
7.5518e+00 1.3325e-04
7.5578e+00 1.3364e-04
7.5638e+00 1.3404e-04
7.5698e+00 1.3444e-04
7.5758e+00 1.3483e-04
7.5818e+00 1.3523e-04
7.5878e+00 1.3563e-04
7.5938e+00 1.3603e-04
7.5998e+00 1.3643e-04
7.6058e+00 1.3683e-04
7.6118e+00 1.3723e-04
7.6178e+00 1.3763e-04
7.6238e+00 1.3804e-04
7.6298e+00 1.3844e-04
7.6358e+00 1.3884e-04
7.6418e+00 1.3925e-04
7.6478e+00 1.3965e-04
7.6538e+00 1.4006e-04
7.6598e+00 1.4047e-04
7.6658e+00 1.4087e-04
7.6718e+00 1.4128e-04
7.6778e+00 1.4169e-04
7.6838e+00 1.4210e-04
7.6898e+00 1.4251e-04
7.6958e+00 1.4292e-04
7.7019e+00 1.4333e-04
7.7079e+00 1.4374e-04
7.7139e+00 1.4415e-04
7.7199e+00 1.4456e-04
7.7259e+00 1.4498e-04
7.7319e+00 1.4539e-04
7.7379e+00 1.4580e-04
7.7439e+00 1.4622e-04
7.7499e+00 1.4663e-04
7.7559e+00 1.4705e-04
7.7619e+00 1.4747e-04
7.7679e+00 1.4788e-04
7.7739e+00 1.4830e-04
7.7799e+00 1.4872e-04
7.7859e+00 1.4914e-04
7.7919e+00 1.4956e-04
7.7979e+00 1.4998e-04
7.8039e+00 1.5040e-04
7.8099e+00 1.5082e-04
7.8159e+00 1.5124e-04
7.8219e+00 1.5166e-04
7.8279e+00 1.5209e-04
7.8339e+00 1.5251e-04
7.8399e+00 1.5293e-04
7.8459e+00 1.5336e-04
7.8519e+00 1.5378e-04
7.8579e+00 1.5421e-04
7.8639e+00 1.5464e-04
7.8699e+00 1.5506e-04
7.8759e+00 1.5549e-04
7.8819e+00 1.5592e-04
7.8879e+00 1.5635e-04
7.8939e+00 1.5678e-04
7.8999e+00 1.5721e-04
7.9060e+00 1.5764e-04
7.9120e+00 1.5807e-04
7.9180e+00 1.5850e-04
7.9240e+00 1.5893e-04
7.9300e+00 1.5936e-04
7.9360e+00 1.5979e-04
7.9420e+00 1.6023e-04
7.9480e+00 1.6066e-04
7.9540e+00 1.6110e-04
7.9600e+00 1.6153e-04
7.9660e+00 1.6197e-04
7.9720e+00 1.6240e-04
7.9780e+00 1.6284e-04
7.9840e+00 1.6328e-04
7.9900e+00 1.6371e-04
7.9960e+00 1.6415e-04
8.0020e+00 1.6459e-04
8.0080e+00 1.6503e-04
8.0140e+00 1.6547e-04
8.0200e+00 1.6591e-04
8.0260e+00 1.6635e-04
8.0320e+00 1.6679e-04
8.0380e+00 1.6723e-04
8.0440e+00 1.6768e-04
8.0500e+00 1.6812e-04
8.0560e+00 1.6856e-04
8.0620e+00 1.6901e-04
8.0680e+00 1.6945e-04
8.0740e+00 1.6989e-04
8.0800e+00 1.7034e-04
8.0860e+00 1.7079e-04
8.0920e+00 1.7123e-04
8.0980e+00 1.7168e-04
8.1041e+00 1.7212e-04
8.1101e+00 1.7257e-04
8.1161e+00 1.7302e-04
8.1221e+00 1.7347e-04
8.1281e+00 1.7392e-04
8.1341e+00 1.7437e-04
8.1401e+00 1.7482e-04
8.1461e+00 1.7527e-04
8.1521e+00 1.7572e-04
8.1581e+00 1.7617e-04
8.1641e+00 1.7662e-04
8.1701e+00 1.7707e-04
8.1761e+00 1.7753e-04
8.1821e+00 1.7798e-04
8.1881e+00 1.7843e-04
8.1941e+00 1.7889e-04
8.2001e+00 1.7934e-04
8.2061e+00 1.7979e-04
8.2121e+00 1.8025e-04
8.2181e+00 1.8071e-04
8.2241e+00 1.8116e-04
8.2301e+00 1.8162e-04
8.2361e+00 1.8208e-04
8.2421e+00 1.8253e-04
8.2481e+00 1.8299e-04
8.2541e+00 1.8345e-04
8.2601e+00 1.8391e-04
8.2661e+00 1.8437e-04
8.2721e+00 1.8483e-04
8.2781e+00 1.8528e-04
8.2841e+00 1.8575e-04
8.2901e+00 1.8621e-04
8.2961e+00 1.8667e-04
8.3022e+00 1.8713e-04
8.3082e+00 1.8759e-04
8.3142e+00 1.8805e-04
8.3202e+00 1.8851e-04
8.3262e+00 1.8898e-04
8.3322e+00 1.8944e-04
8.3382e+00 1.8990e-04
8.3442e+00 1.9037e-04
8.3502e+00 1.9083e-04
8.3562e+00 1.9130e-04
8.3622e+00 1.9176e-04
8.3682e+00 1.9223e-04
8.3742e+00 1.9269e-04
8.3802e+00 1.9316e-04
8.3862e+00 1.9363e-04
8.3922e+00 1.9409e-04
8.3982e+00 1.9456e-04
8.4042e+00 1.9503e-04
8.4102e+00 1.9550e-04
8.4162e+00 1.9596e-04
8.4222e+00 1.9643e-04
8.4282e+00 1.9690e-04
8.4342e+00 1.9737e-04
8.4402e+00 1.9784e-04
8.4462e+00 1.9831e-04
8.4522e+00 1.9878e-04
8.4582e+00 1.9925e-04
8.4642e+00 1.9972e-04
8.4702e+00 2.0019e-04
8.4762e+00 2.0067e-04
8.4822e+00 2.0114e-04
8.4882e+00 2.0161e-04
8.4942e+00 2.0208e-04
8.5003e+00 2.0255e-04
8.5063e+00 2.0303e-04
8.5123e+00 2.0350e-04
8.5183e+00 2.0397e-04
8.5243e+00 2.0445e-04
8.5303e+00 2.0492e-04
8.5363e+00 2.0540e-04
8.5423e+00 2.0587e-04
8.5483e+00 2.0635e-04
8.5543e+00 2.0682e-04
8.5603e+00 2.0730e-04
8.5663e+00 2.0777e-04
8.5723e+00 2.0825e-04
8.5783e+00 2.0872e-04
8.5843e+00 2.0920e-04
8.5903e+00 2.0968e-04
8.5963e+00 2.1015e-04
8.6023e+00 2.1063e-04
8.6083e+00 2.1111e-04
8.6143e+00 2.1159e-04
8.6203e+00 2.1206e-04
8.6263e+00 2.1254e-04
8.6323e+00 2.1302e-04
8.6383e+00 2.1350e-04
8.6443e+00 2.1398e-04
8.6503e+00 2.1446e-04
8.6563e+00 2.1494e-04
8.6623e+00 2.1542e-04
8.6683e+00 2.1590e-04
8.6743e+00 2.1638e-04
8.6803e+00 2.1686e-04
8.6863e+00 2.1734e-04
8.6923e+00 2.1782e-04
8.6983e+00 2.1830e-04
8.7044e+00 2.1878e-04
8.7104e+00 2.1926e-04
8.7164e+00 2.1974e-04
8.7224e+00 2.2022e-04
8.7284e+00 2.2070e-04
8.7344e+00 2.2119e-04
8.7404e+00 2.2167e-04
8.7464e+00 2.2215e-04
8.7524e+00 2.2263e-04
8.7584e+00 2.2311e-04
8.7644e+00 2.2360e-04
8.7704e+00 2.2408e-04
8.7764e+00 2.2456e-04
8.7824e+00 2.2504e-04
8.7884e+00 2.2553e-04
8.7944e+00 2.2601e-04
8.8004e+00 2.2649e-04
8.8064e+00 2.2698e-04
8.8124e+00 2.2746e-04
8.8184e+00 2.2794e-04
8.8244e+00 2.2843e-04
8.8304e+00 2.2891e-04
8.8364e+00 2.2940e-04
8.8424e+00 2.2988e-04
8.8484e+00 2.3036e-04
8.8544e+00 2.3085e-04
8.8604e+00 2.3133e-04
8.8664e+00 2.3182e-04
8.8724e+00 2.3230e-04
8.8784e+00 2.3279e-04
8.8844e+00 2.3327e-04
8.8904e+00 2.3376e-04
8.8964e+00 2.3424e-04
8.9025e+00 2.3473e-04
8.9085e+00 2.3521e-04
8.9145e+00 2.3570e-04
8.9205e+00 2.3618e-04
8.9265e+00 2.3667e-04
8.9325e+00 2.3715e-04
8.9385e+00 2.3764e-04
8.9445e+00 2.3812e-04
8.9505e+00 2.3861e-04
8.9565e+00 2.3909e-04
8.9625e+00 2.3958e-04
8.9685e+00 2.4006e-04
8.9745e+00 2.4055e-04
8.9805e+00 2.4103e-04
8.9865e+00 2.4152e-04
8.9925e+00 2.4201e-04
8.9985e+00 2.4249e-04
9.0045e+00 2.4298e-04
9.0105e+00 2.4346e-04
9.0165e+00 2.4395e-04
9.0225e+00 2.4443e-04
9.0285e+00 2.4492e-04
9.0345e+00 2.4540e-04
9.0405e+00 2.4589e-04
9.0465e+00 2.4637e-04
9.0525e+00 2.4686e-04
9.0585e+00 2.4734e-04
9.0645e+00 2.4783e-04
9.0705e+00 2.4832e-04
9.0765e+00 2.4880e-04
9.0825e+00 2.4929e-04
9.0885e+00 2.4977e-04
9.0945e+00 2.5026e-04
9.1006e+00 2.5074e-04
9.1066e+00 2.5123e-04
9.1126e+00 2.5171e-04
9.1186e+00 2.5220e-04
9.1246e+00 2.5268e-04
9.1306e+00 2.5316e-04
9.1366e+00 2.5365e-04
9.1426e+00 2.5413e-04
9.1486e+00 2.5462e-04
9.1546e+00 2.5510e-04
9.1606e+00 2.5559e-04
9.1666e+00 2.5607e-04
9.1726e+00 2.5655e-04
9.1786e+00 2.5704e-04
9.1846e+00 2.5752e-04
9.1906e+00 2.5800e-04
9.1966e+00 2.5849e-04
9.2026e+00 2.5897e-04
9.2086e+00 2.5945e-04
9.2146e+00 2.5994e-04
9.2206e+00 2.6042e-04
9.2266e+00 2.6090e-04
9.2326e+00 2.6139e-04
9.2386e+00 2.6187e-04
9.2446e+00 2.6235e-04
9.2506e+00 2.6283e-04
9.2566e+00 2.6331e-04
9.2626e+00 2.6380e-04
9.2686e+00 2.6428e-04
9.2746e+00 2.6476e-04
9.2806e+00 2.6524e-04
9.2866e+00 2.6572e-04
9.2926e+00 2.6620e-04
9.2986e+00 2.6668e-04
9.3047e+00 2.6716e-04
9.3107e+00 2.6764e-04
9.3167e+00 2.6812e-04
9.3227e+00 2.6860e-04
9.3287e+00 2.6908e-04
9.3347e+00 2.6956e-04
9.3407e+00 2.7004e-04
9.3467e+00 2.7052e-04
9.3527e+00 2.7100e-04
9.3587e+00 2.7148e-04
9.3647e+00 2.7196e-04
9.3707e+00 2.7243e-04
9.3767e+00 2.7291e-04
9.3827e+00 2.7339e-04
9.3887e+00 2.7387e-04
9.3947e+00 2.7434e-04
9.4007e+00 2.7482e-04
9.4067e+00 2.7529e-04
9.4127e+00 2.7577e-04
9.4187e+00 2.7625e-04
9.4247e+00 2.7672e-04
9.4307e+00 2.7720e-04
9.4367e+00 2.7767e-04
9.4427e+00 2.7815e-04
9.4487e+00 2.7862e-04
9.4547e+00 2.7910e-04
9.4607e+00 2.7957e-04
9.4667e+00 2.8004e-04
9.4727e+00 2.8052e-04
9.4787e+00 2.8099e-04
9.4847e+00 2.8146e-04
9.4907e+00 2.8193e-04
9.4967e+00 2.8240e-04
9.5028e+00 2.8288e-04
9.5088e+00 2.8335e-04
9.5148e+00 2.8382e-04
9.5208e+00 2.8429e-04
9.5268e+00 2.8476e-04
9.5328e+00 2.8523e-04
9.5388e+00 2.8570e-04
9.5448e+00 2.8616e-04
9.5508e+00 2.8663e-04
9.5568e+00 2.8710e-04
9.5628e+00 2.8757e-04
9.5688e+00 2.8804e-04
9.5748e+00 2.8850e-04
9.5808e+00 2.8897e-04
9.5868e+00 2.8944e-04
9.5928e+00 2.8990e-04
9.5988e+00 2.9037e-04
9.6048e+00 2.9083e-04
9.6108e+00 2.9130e-04
9.6168e+00 2.9176e-04
9.6228e+00 2.9222e-04
9.6288e+00 2.9269e-04
9.6348e+00 2.9315e-04
9.6408e+00 2.9361e-04
9.6468e+00 2.9407e-04
9.6528e+00 2.9453e-04
9.6588e+00 2.9500e-04
9.6648e+00 2.9546e-04
9.6708e+00 2.9592e-04
9.6768e+00 2.9638e-04
9.6828e+00 2.9683e-04
9.6888e+00 2.9729e-04
9.6948e+00 2.9775e-04
9.7009e+00 2.9821e-04
9.7069e+00 2.9867e-04
9.7129e+00 2.9912e-04
9.7189e+00 2.9958e-04
9.7249e+00 3.0003e-04
9.7309e+00 3.0049e-04
9.7369e+00 3.0094e-04
9.7429e+00 3.0140e-04
9.7489e+00 3.0185e-04
9.7549e+00 3.0230e-04
9.7609e+00 3.0276e-04
9.7669e+00 3.0321e-04
9.7729e+00 3.0366e-04
9.7789e+00 3.0411e-04
9.7849e+00 3.0456e-04
9.7909e+00 3.0501e-04
9.7969e+00 3.0546e-04
9.8029e+00 3.0591e-04
9.8089e+00 3.0636e-04
9.8149e+00 3.0680e-04
9.8209e+00 3.0725e-04
9.8269e+00 3.0770e-04
9.8329e+00 3.0814e-04
9.8389e+00 3.0859e-04
9.8449e+00 3.0903e-04
9.8509e+00 3.0948e-04
9.8569e+00 3.0992e-04
9.8629e+00 3.1036e-04
9.8689e+00 3.1080e-04
9.8749e+00 3.1125e-04
9.8809e+00 3.1169e-04
9.8869e+00 3.1213e-04
9.8929e+00 3.1257e-04
9.8989e+00 3.1301e-04
9.9050e+00 3.1344e-04
9.9110e+00 3.1388e-04
9.9170e+00 3.1432e-04
9.9230e+00 3.1475e-04
9.9290e+00 3.1519e-04
9.9350e+00 3.1563e-04
9.9410e+00 3.1606e-04
9.9470e+00 3.1649e-04
9.9530e+00 3.1693e-04
9.9590e+00 3.1736e-04
9.9650e+00 3.1779e-04
9.9710e+00 3.1822e-04
9.9770e+00 3.1865e-04
9.9830e+00 3.1908e-04
9.9890e+00 3.1951e-04
9.9950e+00 3.1994e-04
1.0001e+01 3.2037e-04
1.0007e+01 3.2079e-04
1.0013e+01 3.2122e-04
1.0019e+01 3.2164e-04
1.0025e+01 3.2207e-04
1.0031e+01 3.2249e-04
1.0037e+01 3.2292e-04
1.0043e+01 3.2334e-04
1.0049e+01 3.2376e-04
1.0055e+01 3.2418e-04
1.0061e+01 3.2460e-04
1.0067e+01 3.2502e-04
1.0073e+01 3.2544e-04
1.0079e+01 3.2586e-04
1.0085e+01 3.2627e-04
1.0091e+01 3.2669e-04
1.0097e+01 3.2711e-04
1.0103e+01 3.2752e-04
1.0109e+01 3.2794e-04
1.0115e+01 3.2835e-04
1.0121e+01 3.2876e-04
1.0127e+01 3.2917e-04
1.0133e+01 3.2958e-04
1.0139e+01 3.2999e-04
1.0145e+01 3.3040e-04
1.0151e+01 3.3081e-04
1.0157e+01 3.3122e-04
1.0163e+01 3.3163e-04
1.0169e+01 3.3203e-04
1.0175e+01 3.3244e-04
1.0181e+01 3.3284e-04
1.0187e+01 3.3324e-04
1.0193e+01 3.3365e-04
1.0199e+01 3.3405e-04
1.0205e+01 3.3445e-04
1.0211e+01 3.3485e-04
1.0217e+01 3.3525e-04
1.0223e+01 3.3565e-04
1.0229e+01 3.3604e-04
1.0235e+01 3.3644e-04
1.0241e+01 3.3684e-04
1.0247e+01 3.3723e-04
1.0253e+01 3.3762e-04
1.0259e+01 3.3802e-04
1.0265e+01 3.3841e-04
1.0271e+01 3.3880e-04
1.0277e+01 3.3919e-04
1.0283e+01 3.3958e-04
1.0289e+01 3.3997e-04
1.0295e+01 3.4036e-04
1.0301e+01 3.4074e-04
1.0307e+01 3.4113e-04
1.0313e+01 3.4151e-04
1.0319e+01 3.4190e-04
1.0325e+01 3.4228e-04
1.0331e+01 3.4266e-04
1.0337e+01 3.4304e-04
1.0343e+01 3.4342e-04
1.0349e+01 3.4380e-04
1.0355e+01 3.4418e-04
1.0361e+01 3.4456e-04
1.0367e+01 3.4493e-04
1.0373e+01 3.4531e-04
1.0379e+01 3.4568e-04
1.0385e+01 3.4605e-04
1.0391e+01 3.4643e-04
1.0397e+01 3.4680e-04
1.0403e+01 3.4717e-04
1.0409e+01 3.4754e-04
1.0415e+01 3.4791e-04
1.0421e+01 3.4827e-04
1.0427e+01 3.4864e-04
1.0433e+01 3.4900e-04
1.0439e+01 3.4937e-04
1.0445e+01 3.4973e-04
1.0451e+01 3.5009e-04
1.0457e+01 3.5046e-04
1.0463e+01 3.5082e-04
1.0469e+01 3.5117e-04
1.0475e+01 3.5153e-04
1.0481e+01 3.5189e-04
1.0487e+01 3.5225e-04
1.0493e+01 3.5260e-04
1.0499e+01 3.5295e-04
1.0505e+01 3.5331e-04
1.0511e+01 3.5366e-04
1.0517e+01 3.5401e-04
1.0523e+01 3.5436e-04
1.0529e+01 3.5471e-04
1.0535e+01 3.5506e-04
1.0541e+01 3.5540e-04
1.0547e+01 3.5575e-04
1.0553e+01 3.5609e-04
1.0559e+01 3.5643e-04
1.0565e+01 3.5678e-04
1.0571e+01 3.5712e-04
1.0577e+01 3.5746e-04
1.0583e+01 3.5780e-04
1.0589e+01 3.5813e-04
1.0595e+01 3.5847e-04
1.0601e+01 3.5880e-04
1.0607e+01 3.5914e-04
1.0613e+01 3.5947e-04
1.0619e+01 3.5980e-04
1.0625e+01 3.6013e-04
1.0631e+01 3.6046e-04
1.0637e+01 3.6079e-04
1.0643e+01 3.6112e-04
1.0649e+01 3.6145e-04
1.0655e+01 3.6177e-04
1.0661e+01 3.6210e-04
1.0667e+01 3.6242e-04
1.0673e+01 3.6274e-04
1.0679e+01 3.6306e-04
1.0685e+01 3.6338e-04
1.0691e+01 3.6370e-04
1.0697e+01 3.6401e-04
1.0703e+01 3.6433e-04
1.0709e+01 3.6464e-04
1.0715e+01 3.6496e-04
1.0721e+01 3.6527e-04
1.0727e+01 3.6558e-04
1.0733e+01 3.6589e-04
1.0739e+01 3.6620e-04
1.0745e+01 3.6651e-04
1.0751e+01 3.6681e-04
1.0757e+01 3.6712e-04
1.0763e+01 3.6742e-04
1.0769e+01 3.6772e-04
1.0775e+01 3.6802e-04
1.0781e+01 3.6832e-04
1.0787e+01 3.6862e-04
1.0793e+01 3.6892e-04
1.0799e+01 3.6922e-04
1.0805e+01 3.6951e-04
1.0811e+01 3.6981e-04
1.0817e+01 3.7010e-04
1.0823e+01 3.7039e-04
1.0829e+01 3.7068e-04
1.0835e+01 3.7097e-04
1.0841e+01 3.7126e-04
1.0847e+01 3.7154e-04
1.0853e+01 3.7183e-04
1.0859e+01 3.7211e-04
1.0865e+01 3.7239e-04
1.0871e+01 3.7267e-04
1.0877e+01 3.7295e-04
1.0883e+01 3.7323e-04
1.0889e+01 3.7351e-04
1.0895e+01 3.7379e-04
1.0901e+01 3.7406e-04
1.0907e+01 3.7433e-04
1.0913e+01 3.7461e-04
1.0919e+01 3.7488e-04
1.0925e+01 3.7515e-04
1.0931e+01 3.7542e-04
1.0937e+01 3.7568e-04
1.0943e+01 3.7595e-04
1.0949e+01 3.7621e-04
1.0955e+01 3.7648e-04
1.0961e+01 3.7674e-04
1.0967e+01 3.7700e-04
1.0973e+01 3.7726e-04
1.0979e+01 3.7751e-04
1.0985e+01 3.7777e-04
1.0991e+01 3.7802e-04
1.0997e+01 3.7828e-04
1.1004e+01 3.7853e-04
1.1010e+01 3.7878e-04
1.1016e+01 3.7903e-04
1.1022e+01 3.7928e-04
1.1028e+01 3.7953e-04
1.1034e+01 3.7977e-04
1.1040e+01 3.8002e-04
1.1046e+01 3.8026e-04
1.1052e+01 3.8050e-04
1.1058e+01 3.8074e-04
1.1064e+01 3.8098e-04
1.1070e+01 3.8122e-04
1.1076e+01 3.8145e-04
1.1082e+01 3.8169e-04
1.1088e+01 3.8192e-04
1.1094e+01 3.8215e-04
1.1100e+01 3.8238e-04
1.1106e+01 3.8261e-04
1.1112e+01 3.8284e-04
1.1118e+01 3.8306e-04
1.1124e+01 3.8329e-04
1.1130e+01 3.8351e-04
1.1136e+01 3.8373e-04
1.1142e+01 3.8396e-04
1.1148e+01 3.8417e-04
1.1154e+01 3.8439e-04
1.1160e+01 3.8461e-04
1.1166e+01 3.8482e-04
1.1172e+01 3.8504e-04
1.1178e+01 3.8525e-04
1.1184e+01 3.8546e-04
1.1190e+01 3.8567e-04
1.1196e+01 3.8588e-04
1.1202e+01 3.8608e-04
1.1208e+01 3.8629e-04
1.1214e+01 3.8649e-04
1.1220e+01 3.8669e-04
1.1226e+01 3.8689e-04
1.1232e+01 3.8709e-04
1.1238e+01 3.8729e-04
1.1244e+01 3.8749e-04
1.1250e+01 3.8768e-04
1.1256e+01 3.8787e-04
1.1262e+01 3.8807e-04
1.1268e+01 3.8826e-04
1.1274e+01 3.8845e-04
1.1280e+01 3.8863e-04
1.1286e+01 3.8882e-04
1.1292e+01 3.8900e-04
1.1298e+01 3.8919e-04
1.1304e+01 3.8937e-04
1.1310e+01 3.8955e-04
1.1316e+01 3.8973e-04
1.1322e+01 3.8990e-04
1.1328e+01 3.9008e-04
1.1334e+01 3.9025e-04
1.1340e+01 3.9043e-04
1.1346e+01 3.9060e-04
1.1352e+01 3.9077e-04
1.1358e+01 3.9094e-04
1.1364e+01 3.9110e-04
1.1370e+01 3.9127e-04
1.1376e+01 3.9143e-04
1.1382e+01 3.9159e-04
1.1388e+01 3.9175e-04
1.1394e+01 3.9191e-04
1.1400e+01 3.9207e-04
1.1406e+01 3.9223e-04
1.1412e+01 3.9238e-04
1.1418e+01 3.9254e-04
1.1424e+01 3.9269e-04
1.1430e+01 3.9284e-04
1.1436e+01 3.9299e-04
1.1442e+01 3.9313e-04
1.1448e+01 3.9328e-04
1.1454e+01 3.9342e-04
1.1460e+01 3.9357e-04
1.1466e+01 3.9371e-04
1.1472e+01 3.9385e-04
1.1478e+01 3.9398e-04
1.1484e+01 3.9412e-04
1.1490e+01 3.9426e-04
1.1496e+01 3.9439e-04
1.1502e+01 3.9452e-04
1.1508e+01 3.9465e-04
1.1514e+01 3.9478e-04
1.1520e+01 3.9491e-04
1.1526e+01 3.9503e-04
1.1532e+01 3.9516e-04
1.1538e+01 3.9528e-04
1.1544e+01 3.9540e-04
1.1550e+01 3.9552e-04
1.1556e+01 3.9564e-04
1.1562e+01 3.9576e-04
1.1568e+01 3.9587e-04
1.1574e+01 3.9598e-04
1.1580e+01 3.9610e-04
1.1586e+01 3.9621e-04
1.1592e+01 3.9631e-04
1.1598e+01 3.9642e-04
1.1604e+01 3.9653e-04
1.1610e+01 3.9663e-04
1.1616e+01 3.9673e-04
1.1622e+01 3.9683e-04
1.1628e+01 3.9693e-04
1.1634e+01 3.9703e-04
1.1640e+01 3.9713e-04
1.1646e+01 3.9722e-04
1.1652e+01 3.9732e-04
1.1658e+01 3.9741e-04
1.1664e+01 3.9750e-04
1.1670e+01 3.9758e-04
1.1676e+01 3.9767e-04
1.1682e+01 3.9776e-04
1.1688e+01 3.9784e-04
1.1694e+01 3.9792e-04
1.1700e+01 3.9800e-04
1.1706e+01 3.9808e-04
1.1712e+01 3.9816e-04
1.1718e+01 3.9823e-04
1.1724e+01 3.9831e-04
1.1730e+01 3.9838e-04
1.1736e+01 3.9845e-04
1.1742e+01 3.9852e-04
1.1748e+01 3.9859e-04
1.1754e+01 3.9866e-04
1.1760e+01 3.9872e-04
1.1766e+01 3.9878e-04
1.1772e+01 3.9885e-04
1.1778e+01 3.9891e-04
1.1784e+01 3.9896e-04
1.1790e+01 3.9902e-04
1.1796e+01 3.9908e-04
1.1802e+01 3.9913e-04
1.1808e+01 3.9918e-04
1.1814e+01 3.9923e-04
1.1820e+01 3.9928e-04
1.1826e+01 3.9933e-04
1.1832e+01 3.9937e-04
1.1838e+01 3.9942e-04
1.1844e+01 3.9946e-04
1.1850e+01 3.9950e-04
1.1856e+01 3.9954e-04
1.1862e+01 3.9958e-04
1.1868e+01 3.9961e-04
1.1874e+01 3.9965e-04
1.1880e+01 3.9968e-04
1.1886e+01 3.9971e-04
1.1892e+01 3.9974e-04
1.1898e+01 3.9977e-04
1.1904e+01 3.9980e-04
1.1910e+01 3.9982e-04
1.1916e+01 3.9984e-04
1.1922e+01 3.9986e-04
1.1928e+01 3.9988e-04
1.1934e+01 3.9990e-04
1.1940e+01 3.9992e-04
1.1946e+01 3.9994e-04
1.1952e+01 3.9995e-04
1.1958e+01 3.9996e-04
1.1964e+01 3.9997e-04
1.1970e+01 3.9998e-04
1.1976e+01 3.9999e-04
1.1982e+01 3.9999e-04
1.1988e+01 4.0000e-04
1.1994e+01 4.0000e-04
1.2000e+01 4.0000e-04
