0.0000e+00 6.7093e-08
6.0030e-03 6.7632e-08
1.2006e-02 6.8175e-08
1.8009e-02 6.8722e-08
2.4012e-02 6.9273e-08
3.0015e-02 6.9829e-08
3.6018e-02 7.0388e-08
4.2021e-02 7.0952e-08
4.8024e-02 7.1520e-08
5.4027e-02 7.2092e-08
6.0030e-02 7.2669e-08
6.6033e-02 7.3250e-08
7.2036e-02 7.3835e-08
7.8039e-02 7.4425e-08
8.4042e-02 7.5019e-08
9.0045e-02 7.5617e-08
9.6048e-02 7.6220e-08
1.0205e-01 7.6827e-08
1.0805e-01 7.7439e-08
1.1406e-01 7.8056e-08
1.2006e-01 7.8677e-08
1.2606e-01 7.9303e-08
1.3207e-01 7.9933e-08
1.3807e-01 8.0568e-08
1.4407e-01 8.1208e-08
1.5008e-01 8.1853e-08
1.5608e-01 8.2502e-08
1.6208e-01 8.3156e-08
1.6808e-01 8.3815e-08
1.7409e-01 8.4479e-08
1.8009e-01 8.5148e-08
1.8609e-01 8.5822e-08
1.9210e-01 8.6501e-08
1.9810e-01 8.7184e-08
2.0410e-01 8.7873e-08
2.1011e-01 8.8567e-08
2.1611e-01 8.9266e-08
2.2211e-01 8.9970e-08
2.2811e-01 9.0680e-08
2.3412e-01 9.1394e-08
2.4012e-01 9.2114e-08
2.4612e-01 9.2839e-08
2.5213e-01 9.3570e-08
2.5813e-01 9.4306e-08
2.6413e-01 9.5047e-08
2.7014e-01 9.5794e-08
2.7614e-01 9.6546e-08
2.8214e-01 9.7304e-08
2.8814e-01 9.8067e-08
2.9415e-01 9.8836e-08
3.0015e-01 9.9611e-08
3.0615e-01 1.0039e-07
3.1216e-01 1.0118e-07
3.1816e-01 1.0197e-07
3.2416e-01 1.0277e-07
3.3017e-01 1.0357e-07
3.3617e-01 1.0438e-07
3.4217e-01 1.0519e-07
3.4817e-01 1.0601e-07
3.5418e-01 1.0684e-07
3.6018e-01 1.0767e-07
3.6618e-01 1.0851e-07
3.7219e-01 1.0936e-07
3.7819e-01 1.1021e-07
3.8419e-01 1.1107e-07
3.9020e-01 1.1193e-07
3.9620e-01 1.1280e-07
4.0220e-01 1.1368e-07
4.0820e-01 1.1456e-07
4.1421e-01 1.1545e-07
4.2021e-01 1.1634e-07
4.2621e-01 1.1724e-07
4.3222e-01 1.1815e-07
4.3822e-01 1.1907e-07
4.4422e-01 1.1999e-07
4.5023e-01 1.2092e-07
4.5623e-01 1.2185e-07
4.6223e-01 1.2279e-07
4.6823e-01 1.2374e-07
4.7424e-01 1.2470e-07
4.8024e-01 1.2566e-07
4.8624e-01 1.2663e-07
4.9225e-01 1.2760e-07
4.9825e-01 1.2859e-07
5.0425e-01 1.2958e-07
5.1026e-01 1.3058e-07
5.1626e-01 1.3158e-07
5.2226e-01 1.3259e-07
5.2826e-01 1.3361e-07
5.3427e-01 1.3464e-07
5.4027e-01 1.3567e-07
5.4627e-01 1.3671e-07
5.5228e-01 1.3776e-07
5.5828e-01 1.3881e-07
5.6428e-01 1.3988e-07
5.7029e-01 1.4095e-07
5.7629e-01 1.4203e-07
5.8229e-01 1.4311e-07
5.8829e-01 1.4421e-07
5.9430e-01 1.4531e-07
6.0030e-01 1.4642e-07
6.0630e-01 1.4753e-07
6.1231e-01 1.4866e-07
6.1831e-01 1.4979e-07
6.2431e-01 1.5093e-07
6.3032e-01 1.5208e-07
6.3632e-01 1.5324e-07
6.4232e-01 1.5441e-07
6.4832e-01 1.5558e-07
6.5433e-01 1.5676e-07
6.6033e-01 1.5795e-07
6.6633e-01 1.5915e-07
6.7234e-01 1.6036e-07
6.7834e-01 1.6157e-07
6.8434e-01 1.6280e-07
6.9035e-01 1.6403e-07
6.9635e-01 1.6527e-07
7.0235e-01 1.6652e-07
7.0835e-01 1.6778e-07
7.1436e-01 1.6905e-07
7.2036e-01 1.7033e-07
7.2636e-01 1.7161e-07
7.3237e-01 1.7291e-07
7.3837e-01 1.7421e-07
7.4437e-01 1.7553e-07
7.5038e-01 1.7685e-07
7.5638e-01 1.7818e-07
7.6238e-01 1.7952e-07
7.6838e-01 1.8087e-07
7.7439e-01 1.8223e-07
7.8039e-01 1.8360e-07
7.8639e-01 1.8498e-07
7.9240e-01 1.8637e-07
7.9840e-01 1.8777e-07
8.0440e-01 1.8917e-07
8.1041e-01 1.9059e-07
8.1641e-01 1.9202e-07
8.2241e-01 1.9346e-07
8.2841e-01 1.9490e-07
8.3442e-01 1.9636e-07
8.4042e-01 1.9783e-07
8.4642e-01 1.9930e-07
8.5243e-01 2.0079e-07
8.5843e-01 2.0229e-07
8.6443e-01 2.0380e-07
8.7044e-01 2.0532e-07
8.7644e-01 2.0685e-07
8.8244e-01 2.0839e-07
8.8844e-01 2.0994e-07
8.9445e-01 2.1150e-07
9.0045e-01 2.1307e-07
9.0645e-01 2.1465e-07
9.1246e-01 2.1625e-07
9.1846e-01 2.1785e-07
9.2446e-01 2.1947e-07
9.3047e-01 2.2110e-07
9.3647e-01 2.2273e-07
9.4247e-01 2.2438e-07
9.4847e-01 2.2604e-07
9.5448e-01 2.2772e-07
9.6048e-01 2.2940e-07
9.6648e-01 2.3109e-07
9.7249e-01 2.3280e-07
9.7849e-01 2.3452e-07
9.8449e-01 2.3625e-07
9.9050e-01 2.3799e-07
9.9650e-01 2.3974e-07
1.0025e+00 2.4151e-07
1.0085e+00 2.4329e-07
1.0145e+00 2.4508e-07
1.0205e+00 2.4688e-07
1.0265e+00 2.4869e-07
1.0325e+00 2.5052e-07
1.0385e+00 2.5236e-07
1.0445e+00 2.5421e-07
1.0505e+00 2.5607e-07
1.0565e+00 2.5795e-07
1.0625e+00 2.5984e-07
1.0685e+00 2.6174e-07
1.0745e+00 2.6366e-07
1.0805e+00 2.6558e-07
1.0865e+00 2.6752e-07
1.0925e+00 2.6948e-07
1.0985e+00 2.7145e-07
1.1046e+00 2.7343e-07
1.1106e+00 2.7542e-07
1.1166e+00 2.7743e-07
1.1226e+00 2.7945e-07
1.1286e+00 2.8148e-07
1.1346e+00 2.8353e-07
1.1406e+00 2.8559e-07
1.1466e+00 2.8767e-07
1.1526e+00 2.8976e-07
1.1586e+00 2.9186e-07
1.1646e+00 2.9398e-07
1.1706e+00 2.9611e-07
1.1766e+00 2.9825e-07
1.1826e+00 3.0042e-07
1.1886e+00 3.0259e-07
1.1946e+00 3.0478e-07
1.2006e+00 3.0698e-07
1.2066e+00 3.0920e-07
1.2126e+00 3.1144e-07
1.2186e+00 3.1368e-07
1.2246e+00 3.1595e-07
1.2306e+00 3.1823e-07
1.2366e+00 3.2052e-07
1.2426e+00 3.2283e-07
1.2486e+00 3.2515e-07
1.2546e+00 3.2749e-07
1.2606e+00 3.2985e-07
1.2666e+00 3.3222e-07
1.2726e+00 3.3460e-07
1.2786e+00 3.3700e-07
1.2846e+00 3.3942e-07
1.2906e+00 3.4186e-07
1.2966e+00 3.4431e-07
1.3027e+00 3.4677e-07
1.3087e+00 3.4925e-07
1.3147e+00 3.5175e-07
1.3207e+00 3.5427e-07
1.3267e+00 3.5680e-07
1.3327e+00 3.5935e-07
1.3387e+00 3.6191e-07
1.3447e+00 3.6450e-07
1.3507e+00 3.6710e-07
1.3567e+00 3.6971e-07
1.3627e+00 3.7234e-07
1.3687e+00 3.7500e-07
1.3747e+00 3.7766e-07
1.3807e+00 3.8035e-07
1.3867e+00 3.8305e-07
1.3927e+00 3.8577e-07
1.3987e+00 3.8851e-07
1.4047e+00 3.9127e-07
1.4107e+00 3.9404e-07
1.4167e+00 3.9683e-07
1.4227e+00 3.9964e-07
1.4287e+00 4.0247e-07
1.4347e+00 4.0532e-07
1.4407e+00 4.0818e-07
1.4467e+00 4.1107e-07
1.4527e+00 4.1397e-07
1.4587e+00 4.1689e-07
1.4647e+00 4.1983e-07
1.4707e+00 4.2279e-07
1.4767e+00 4.2577e-07
1.4827e+00 4.2877e-07
1.4887e+00 4.3179e-07
1.4947e+00 4.3482e-07
1.5008e+00 4.3788e-07
1.5068e+00 4.4096e-07
1.5128e+00 4.4405e-07
1.5188e+00 4.4717e-07
1.5248e+00 4.5031e-07
1.5308e+00 4.5346e-07
1.5368e+00 4.5664e-07
1.5428e+00 4.5984e-07
1.5488e+00 4.6305e-07
1.5548e+00 4.6629e-07
1.5608e+00 4.6955e-07
1.5668e+00 4.7283e-07
1.5728e+00 4.7613e-07
1.5788e+00 4.7945e-07
1.5848e+00 4.8280e-07
1.5908e+00 4.8616e-07
1.5968e+00 4.8955e-07
1.6028e+00 4.9296e-07
1.6088e+00 4.9639e-07
1.6148e+00 4.9984e-07
1.6208e+00 5.0331e-07
1.6268e+00 5.0681e-07
1.6328e+00 5.1032e-07
1.6388e+00 5.1386e-07
1.6448e+00 5.1743e-07
1.6508e+00 5.2101e-07
1.6568e+00 5.2462e-07
1.6628e+00 5.2825e-07
1.6688e+00 5.3190e-07
1.6748e+00 5.3558e-07
1.6808e+00 5.3928e-07
1.6868e+00 5.4300e-07
1.6928e+00 5.4675e-07
1.6988e+00 5.5052e-07
1.7049e+00 5.5432e-07
1.7109e+00 5.5813e-07
1.7169e+00 5.6198e-07
1.7229e+00 5.6584e-07
1.7289e+00 5.6973e-07
1.7349e+00 5.7365e-07
1.7409e+00 5.7759e-07
1.7469e+00 5.8156e-07
1.7529e+00 5.8554e-07
1.7589e+00 5.8956e-07
1.7649e+00 5.9360e-07
1.7709e+00 5.9766e-07
1.7769e+00 6.0175e-07
1.7829e+00 6.0587e-07
1.7889e+00 6.1001e-07
1.7949e+00 6.1418e-07
1.8009e+00 6.1837e-07
1.8069e+00 6.2259e-07
1.8129e+00 6.2684e-07
1.8189e+00 6.3111e-07
1.8249e+00 6.3541e-07
1.8309e+00 6.3974e-07
1.8369e+00 6.4409e-07
1.8429e+00 6.4847e-07
1.8489e+00 6.5288e-07
1.8549e+00 6.5731e-07
1.8609e+00 6.6177e-07
1.8669e+00 6.6626e-07
1.8729e+00 6.7078e-07
1.8789e+00 6.7532e-07
1.8849e+00 6.7990e-07
1.8909e+00 6.8450e-07
1.8969e+00 6.8913e-07
1.9030e+00 6.9379e-07
1.9090e+00 6.9847e-07
1.9150e+00 7.0319e-07
1.9210e+00 7.0793e-07
1.9270e+00 7.1271e-07
1.9330e+00 7.1751e-07
1.9390e+00 7.2234e-07
1.9450e+00 7.2720e-07
1.9510e+00 7.3210e-07
1.9570e+00 7.3702e-07
1.9630e+00 7.4197e-07
1.9690e+00 7.4695e-07
1.9750e+00 7.5197e-07
1.9810e+00 7.5701e-07
1.9870e+00 7.6208e-07
1.9930e+00 7.6719e-07
1.9990e+00 7.7232e-07
2.0050e+00 7.7749e-07
2.0110e+00 7.8269e-07
2.0170e+00 7.8792e-07
2.0230e+00 7.9318e-07
2.0290e+00 7.9848e-07
2.0350e+00 8.0381e-07
2.0410e+00 8.0916e-07
2.0470e+00 8.1456e-07
2.0530e+00 8.1998e-07
2.0590e+00 8.2544e-07
2.0650e+00 8.3093e-07
2.0710e+00 8.3645e-07
2.0770e+00 8.4200e-07
2.0830e+00 8.4759e-07
2.0890e+00 8.5322e-07
2.0950e+00 8.5888e-07
2.1011e+00 8.6457e-07
2.1071e+00 8.7029e-07
2.1131e+00 8.7605e-07
2.1191e+00 8.8185e-07
2.1251e+00 8.8768e-07
2.1311e+00 8.9354e-07
2.1371e+00 8.9944e-07
2.1431e+00 9.0537e-07
2.1491e+00 9.1134e-07
2.1551e+00 9.1735e-07
2.1611e+00 9.2339e-07
2.1671e+00 9.2947e-07
2.1731e+00 9.3558e-07
2.1791e+00 9.4173e-07
2.1851e+00 9.4792e-07
2.1911e+00 9.5415e-07
2.1971e+00 9.6041e-07
2.2031e+00 9.6671e-07
2.2091e+00 9.7304e-07
2.2151e+00 9.7941e-07
2.2211e+00 9.8583e-07
2.2271e+00 9.9227e-07
2.2331e+00 9.9876e-07
2.2391e+00 1.0053e-06
2.2451e+00 1.0119e-06
2.2511e+00 1.0185e-06
2.2571e+00 1.0251e-06
2.2631e+00 1.0318e-06
2.2691e+00 1.0385e-06
2.2751e+00 1.0453e-06
2.2811e+00 1.0521e-06
2.2871e+00 1.0589e-06
2.2931e+00 1.0658e-06
2.2991e+00 1.0727e-06
2.3052e+00 1.0797e-06
2.3112e+00 1.0867e-06
2.3172e+00 1.0937e-06
2.3232e+00 1.1008e-06
2.3292e+00 1.1079e-06
2.3352e+00 1.1151e-06
2.3412e+00 1.1223e-06
2.3472e+00 1.1295e-06
2.3532e+00 1.1368e-06
2.3592e+00 1.1442e-06
2.3652e+00 1.1516e-06
2.3712e+00 1.1590e-06
2.3772e+00 1.1664e-06
2.3832e+00 1.1739e-06
2.3892e+00 1.1815e-06
2.3952e+00 1.1891e-06
2.4012e+00 1.1967e-06
2.4072e+00 1.2044e-06
2.4132e+00 1.2121e-06
2.4192e+00 1.2199e-06
2.4252e+00 1.2277e-06
2.4312e+00 1.2356e-06
2.4372e+00 1.2435e-06
2.4432e+00 1.2515e-06
2.4492e+00 1.2595e-06
2.4552e+00 1.2675e-06
2.4612e+00 1.2756e-06
2.4672e+00 1.2837e-06
2.4732e+00 1.2919e-06
2.4792e+00 1.3002e-06
2.4852e+00 1.3084e-06
2.4912e+00 1.3168e-06
2.4972e+00 1.3251e-06
2.5033e+00 1.3336e-06
2.5093e+00 1.3420e-06
2.5153e+00 1.3506e-06
2.5213e+00 1.3591e-06
2.5273e+00 1.3677e-06
2.5333e+00 1.3764e-06
2.5393e+00 1.3851e-06
2.5453e+00 1.3939e-06
2.5513e+00 1.4027e-06
2.5573e+00 1.4116e-06
2.5633e+00 1.4205e-06
2.5693e+00 1.4295e-06
2.5753e+00 1.4385e-06
2.5813e+00 1.4475e-06
2.5873e+00 1.4567e-06
2.5933e+00 1.4658e-06
2.5993e+00 1.4751e-06
2.6053e+00 1.4843e-06
2.6113e+00 1.4937e-06
2.6173e+00 1.5030e-06
2.6233e+00 1.5125e-06
2.6293e+00 1.5220e-06
2.6353e+00 1.5315e-06
2.6413e+00 1.5411e-06
2.6473e+00 1.5507e-06
2.6533e+00 1.5604e-06
2.6593e+00 1.5702e-06
2.6653e+00 1.5800e-06
2.6713e+00 1.5899e-06
2.6773e+00 1.5998e-06
2.6833e+00 1.6098e-06
2.6893e+00 1.6198e-06
2.6953e+00 1.6299e-06
2.7014e+00 1.6400e-06
2.7074e+00 1.6502e-06
2.7134e+00 1.6605e-06
2.7194e+00 1.6708e-06
2.7254e+00 1.6812e-06
2.7314e+00 1.6916e-06
2.7374e+00 1.7021e-06
2.7434e+00 1.7126e-06
2.7494e+00 1.7232e-06
2.7554e+00 1.7339e-06
2.7614e+00 1.7446e-06
2.7674e+00 1.7554e-06
2.7734e+00 1.7662e-06
2.7794e+00 1.7771e-06
2.7854e+00 1.7881e-06
2.7914e+00 1.7991e-06
2.7974e+00 1.8102e-06
2.8034e+00 1.8213e-06
2.8094e+00 1.8325e-06
2.8154e+00 1.8438e-06
2.8214e+00 1.8551e-06
2.8274e+00 1.8665e-06
2.8334e+00 1.8780e-06
2.8394e+00 1.8895e-06
2.8454e+00 1.9011e-06
2.8514e+00 1.9127e-06
2.8574e+00 1.9244e-06
2.8634e+00 1.9362e-06
2.8694e+00 1.9480e-06
2.8754e+00 1.9599e-06
2.8814e+00 1.9719e-06
2.8874e+00 1.9839e-06
2.8934e+00 1.9960e-06
2.8994e+00 2.0081e-06
2.9055e+00 2.0204e-06
2.9115e+00 2.0326e-06
2.9175e+00 2.0450e-06
2.9235e+00 2.0574e-06
2.9295e+00 2.0699e-06
2.9355e+00 2.0825e-06
2.9415e+00 2.0951e-06
2.9475e+00 2.1078e-06
2.9535e+00 2.1205e-06
2.9595e+00 2.1334e-06
2.9655e+00 2.1463e-06
2.9715e+00 2.1592e-06
2.9775e+00 2.1723e-06
2.9835e+00 2.1854e-06
2.9895e+00 2.1986e-06
2.9955e+00 2.2118e-06
3.0015e+00 2.2251e-06
3.0075e+00 2.2385e-06
3.0135e+00 2.2520e-06
3.0195e+00 2.2655e-06
3.0255e+00 2.2791e-06
3.0315e+00 2.2928e-06
3.0375e+00 2.3066e-06
3.0435e+00 2.3204e-06
3.0495e+00 2.3343e-06
3.0555e+00 2.3483e-06
3.0615e+00 2.3623e-06
3.0675e+00 2.3764e-06
3.0735e+00 2.3906e-06
3.0795e+00 2.4049e-06
3.0855e+00 2.4192e-06
3.0915e+00 2.4337e-06
3.0975e+00 2.4482e-06
3.1036e+00 2.4627e-06
3.1096e+00 2.4774e-06
3.1156e+00 2.4921e-06
3.1216e+00 2.5069e-06
3.1276e+00 2.5218e-06
3.1336e+00 2.5368e-06
3.1396e+00 2.5518e-06
3.1456e+00 2.5669e-06
3.1516e+00 2.5821e-06
3.1576e+00 2.5974e-06
3.1636e+00 2.6128e-06
3.1696e+00 2.6282e-06
3.1756e+00 2.6437e-06
3.1816e+00 2.6593e-06
3.1876e+00 2.6750e-06
3.1936e+00 2.6908e-06
3.1996e+00 2.7066e-06
3.2056e+00 2.7226e-06
3.2116e+00 2.7386e-06
3.2176e+00 2.7547e-06
3.2236e+00 2.7708e-06
3.2296e+00 2.7871e-06
3.2356e+00 2.8035e-06
3.2416e+00 2.8199e-06
3.2476e+00 2.8364e-06
3.2536e+00 2.8530e-06
3.2596e+00 2.8697e-06
3.2656e+00 2.8865e-06
3.2716e+00 2.9033e-06
3.2776e+00 2.9203e-06
3.2836e+00 2.9373e-06
3.2896e+00 2.9544e-06
3.2956e+00 2.9716e-06
3.3017e+00 2.9889e-06
3.3077e+00 3.0063e-06
3.3137e+00 3.0238e-06
3.3197e+00 3.0413e-06
3.3257e+00 3.0590e-06
3.3317e+00 3.0767e-06
3.3377e+00 3.0946e-06
3.3437e+00 3.1125e-06
3.3497e+00 3.1305e-06
3.3557e+00 3.1486e-06
3.3617e+00 3.1668e-06
3.3677e+00 3.1851e-06
3.3737e+00 3.2035e-06
3.3797e+00 3.2220e-06
3.3857e+00 3.2406e-06
3.3917e+00 3.2592e-06
3.3977e+00 3.2780e-06
3.4037e+00 3.2968e-06
3.4097e+00 3.3158e-06
3.4157e+00 3.3348e-06
3.4217e+00 3.3540e-06
3.4277e+00 3.3732e-06
3.4337e+00 3.3926e-06
3.4397e+00 3.4120e-06
3.4457e+00 3.4315e-06
3.4517e+00 3.4511e-06
3.4577e+00 3.4709e-06
3.4637e+00 3.4907e-06
3.4697e+00 3.5106e-06
3.4757e+00 3.5306e-06
3.4817e+00 3.5508e-06
3.4877e+00 3.5710e-06
3.4937e+00 3.5913e-06
3.4997e+00 3.6117e-06
3.5058e+00 3.6323e-06
3.5118e+00 3.6529e-06
3.5178e+00 3.6736e-06
3.5238e+00 3.6945e-06
3.5298e+00 3.7154e-06
3.5358e+00 3.7365e-06
3.5418e+00 3.7576e-06
3.5478e+00 3.7789e-06
3.5538e+00 3.8002e-06
3.5598e+00 3.8217e-06
3.5658e+00 3.8432e-06
3.5718e+00 3.8649e-06
3.5778e+00 3.8867e-06
3.5838e+00 3.9086e-06
3.5898e+00 3.9306e-06
3.5958e+00 3.9527e-06
3.6018e+00 3.9749e-06
3.6078e+00 3.9972e-06
3.6138e+00 4.0196e-06
3.6198e+00 4.0422e-06
3.6258e+00 4.0648e-06
3.6318e+00 4.0876e-06
3.6378e+00 4.1105e-06
3.6438e+00 4.1334e-06
3.6498e+00 4.1565e-06
3.6558e+00 4.1797e-06
3.6618e+00 4.2031e-06
3.6678e+00 4.2265e-06
3.6738e+00 4.2500e-06
3.6798e+00 4.2737e-06
3.6858e+00 4.2975e-06
3.6918e+00 4.3214e-06
3.6978e+00 4.3454e-06
3.7039e+00 4.3695e-06
3.7099e+00 4.3937e-06
3.7159e+00 4.4181e-06
3.7219e+00 4.4426e-06
3.7279e+00 4.4671e-06
3.7339e+00 4.4918e-06
3.7399e+00 4.5167e-06
3.7459e+00 4.5416e-06
3.7519e+00 4.5667e-06
3.7579e+00 4.5919e-06
3.7639e+00 4.6172e-06
3.7699e+00 4.6426e-06
3.7759e+00 4.6681e-06
3.7819e+00 4.6938e-06
3.7879e+00 4.7196e-06
3.7939e+00 4.7455e-06
3.7999e+00 4.7715e-06
3.8059e+00 4.7977e-06
3.8119e+00 4.8240e-06
3.8179e+00 4.8504e-06
3.8239e+00 4.8769e-06
3.8299e+00 4.9036e-06
3.8359e+00 4.9304e-06
3.8419e+00 4.9573e-06
3.8479e+00 4.9843e-06
3.8539e+00 5.0115e-06
3.8599e+00 5.0388e-06
3.8659e+00 5.0662e-06
3.8719e+00 5.0938e-06
3.8779e+00 5.1214e-06
3.8839e+00 5.1492e-06
3.8899e+00 5.1772e-06
3.8959e+00 5.2053e-06
3.9020e+00 5.2335e-06
3.9080e+00 5.2618e-06
3.9140e+00 5.2903e-06
3.9200e+00 5.3189e-06
3.9260e+00 5.3476e-06
3.9320e+00 5.3765e-06
3.9380e+00 5.4055e-06
3.9440e+00 5.4346e-06
3.9500e+00 5.4639e-06
3.9560e+00 5.4933e-06
3.9620e+00 5.5228e-06
3.9680e+00 5.5525e-06
3.9740e+00 5.5823e-06
3.9800e+00 5.6123e-06
3.9860e+00 5.6423e-06
3.9920e+00 5.6726e-06
3.9980e+00 5.7029e-06
4.0040e+00 5.7335e-06
4.0100e+00 5.7641e-06
4.0160e+00 5.7949e-06
4.0220e+00 5.8258e-06
4.0280e+00 5.8569e-06
4.0340e+00 5.8881e-06
4.0400e+00 5.9195e-06
4.0460e+00 5.9510e-06
4.0520e+00 5.9826e-06
4.0580e+00 6.0144e-06
4.0640e+00 6.0463e-06
4.0700e+00 6.0784e-06
4.0760e+00 6.1106e-06
4.0820e+00 6.1430e-06
4.0880e+00 6.1755e-06
4.0940e+00 6.2082e-06
4.1001e+00 6.2410e-06
4.1061e+00 6.2740e-06
4.1121e+00 6.3071e-06
4.1181e+00 6.3403e-06
4.1241e+00 6.3737e-06
4.1301e+00 6.4073e-06
4.1361e+00 6.4410e-06
4.1421e+00 6.4749e-06
4.1481e+00 6.5089e-06
4.1541e+00 6.5430e-06
4.1601e+00 6.5773e-06
4.1661e+00 6.6118e-06
4.1721e+00 6.6464e-06
4.1781e+00 6.6812e-06
4.1841e+00 6.7162e-06
4.1901e+00 6.7512e-06
4.1961e+00 6.7865e-06
4.2021e+00 6.8219e-06
4.2081e+00 6.8575e-06
4.2141e+00 6.8932e-06
4.2201e+00 6.9291e-06
4.2261e+00 6.9651e-06
4.2321e+00 7.0013e-06
4.2381e+00 7.0376e-06
4.2441e+00 7.0742e-06
4.2501e+00 7.1108e-06
4.2561e+00 7.1477e-06
4.2621e+00 7.1847e-06
4.2681e+00 7.2218e-06
4.2741e+00 7.2592e-06
4.2801e+00 7.2966e-06
4.2861e+00 7.3343e-06
4.2921e+00 7.3721e-06
4.2981e+00 7.4101e-06
4.3042e+00 7.4483e-06
4.3102e+00 7.4866e-06
4.3162e+00 7.5251e-06
4.3222e+00 7.5637e-06
4.3282e+00 7.6025e-06
4.3342e+00 7.6415e-06
4.3402e+00 7.6807e-06
4.3462e+00 7.7200e-06
4.3522e+00 7.7595e-06
4.3582e+00 7.7992e-06
4.3642e+00 7.8390e-06
4.3702e+00 7.8790e-06
4.3762e+00 7.9192e-06
4.3822e+00 7.9595e-06
4.3882e+00 8.0001e-06
4.3942e+00 8.0408e-06
4.4002e+00 8.0817e-06
4.4062e+00 8.1227e-06
4.4122e+00 8.1639e-06
4.4182e+00 8.2054e-06
4.4242e+00 8.2469e-06
4.4302e+00 8.2887e-06
4.4362e+00 8.3306e-06
4.4422e+00 8.3728e-06
4.4482e+00 8.4151e-06
4.4542e+00 8.4575e-06
4.4602e+00 8.5002e-06
4.4662e+00 8.5430e-06
4.4722e+00 8.5860e-06
4.4782e+00 8.6292e-06
4.4842e+00 8.6726e-06
4.4902e+00 8.7162e-06
4.4962e+00 8.7599e-06
4.5023e+00 8.8039e-06
4.5083e+00 8.8480e-06
4.5143e+00 8.8923e-06
4.5203e+00 8.9368e-06
4.5263e+00 8.9815e-06
4.5323e+00 9.0263e-06
4.5383e+00 9.0714e-06
4.5443e+00 9.1166e-06
4.5503e+00 9.1621e-06
4.5563e+00 9.2077e-06
4.5623e+00 9.2535e-06
4.5683e+00 9.2995e-06
4.5743e+00 9.3457e-06
4.5803e+00 9.3921e-06
4.5863e+00 9.4387e-06
4.5923e+00 9.4854e-06
4.5983e+00 9.5324e-06
4.6043e+00 9.5796e-06
4.6103e+00 9.6269e-06
4.6163e+00 9.6745e-06
4.6223e+00 9.7222e-06
4.6283e+00 9.7701e-06
4.6343e+00 9.8183e-06
4.6403e+00 9.8666e-06
4.6463e+00 9.9151e-06
4.6523e+00 9.9639e-06
4.6583e+00 1.0013e-05
4.6643e+00 1.0062e-05
4.6703e+00 1.0111e-05
4.6763e+00 1.0161e-05
4.6823e+00 1.0211e-05
4.6883e+00 1.0260e-05
4.6943e+00 1.0311e-05
4.7004e+00 1.0361e-05
4.7064e+00 1.0412e-05
4.7124e+00 1.0462e-05
4.7184e+00 1.0513e-05
4.7244e+00 1.0564e-05
4.7304e+00 1.0616e-05
4.7364e+00 1.0667e-05
4.7424e+00 1.0719e-05
4.7484e+00 1.0771e-05
4.7544e+00 1.0823e-05
4.7604e+00 1.0876e-05
4.7664e+00 1.0928e-05
4.7724e+00 1.0981e-05
4.7784e+00 1.1034e-05
4.7844e+00 1.1087e-05
4.7904e+00 1.1141e-05
4.7964e+00 1.1195e-05
4.8024e+00 1.1249e-05
4.8084e+00 1.1303e-05
4.8144e+00 1.1357e-05
4.8204e+00 1.1412e-05
4.8264e+00 1.1466e-05
4.8324e+00 1.1521e-05
4.8384e+00 1.1576e-05
4.8444e+00 1.1632e-05
4.8504e+00 1.1687e-05
4.8564e+00 1.1743e-05
4.8624e+00 1.1799e-05
4.8684e+00 1.1856e-05
4.8744e+00 1.1912e-05
4.8804e+00 1.1969e-05
4.8864e+00 1.2026e-05
4.8924e+00 1.2083e-05
4.8984e+00 1.2140e-05
4.9045e+00 1.2198e-05
4.9105e+00 1.2256e-05
4.9165e+00 1.2314e-05
4.9225e+00 1.2372e-05
4.9285e+00 1.2431e-05
4.9345e+00 1.2489e-05
4.9405e+00 1.2548e-05
4.9465e+00 1.2608e-05
4.9525e+00 1.2667e-05
4.9585e+00 1.2727e-05
4.9645e+00 1.2787e-05
4.9705e+00 1.2847e-05
4.9765e+00 1.2907e-05
4.9825e+00 1.2968e-05
4.9885e+00 1.3028e-05
4.9945e+00 1.3090e-05
5.0005e+00 1.3151e-05
5.0065e+00 1.3212e-05
5.0125e+00 1.3274e-05
5.0185e+00 1.3336e-05
5.0245e+00 1.3398e-05
5.0305e+00 1.3461e-05
5.0365e+00 1.3523e-05
5.0425e+00 1.3586e-05
5.0485e+00 1.3650e-05
5.0545e+00 1.3713e-05
5.0605e+00 1.3777e-05
5.0665e+00 1.3840e-05
5.0725e+00 1.3905e-05
5.0785e+00 1.3969e-05
5.0845e+00 1.4034e-05
5.0905e+00 1.4098e-05
5.0965e+00 1.4164e-05
5.1026e+00 1.4229e-05
5.1086e+00 1.4294e-05
5.1146e+00 1.4360e-05
5.1206e+00 1.4426e-05
5.1266e+00 1.4493e-05
5.1326e+00 1.4559e-05
5.1386e+00 1.4626e-05
5.1446e+00 1.4693e-05
5.1506e+00 1.4760e-05
5.1566e+00 1.4828e-05
5.1626e+00 1.4896e-05
5.1686e+00 1.4964e-05
5.1746e+00 1.5032e-05
5.1806e+00 1.5101e-05
5.1866e+00 1.5170e-05
5.1926e+00 1.5239e-05
5.1986e+00 1.5308e-05
5.2046e+00 1.5377e-05
5.2106e+00 1.5447e-05
5.2166e+00 1.5517e-05
5.2226e+00 1.5588e-05
5.2286e+00 1.5658e-05
5.2346e+00 1.5729e-05
5.2406e+00 1.5800e-05
5.2466e+00 1.5872e-05
5.2526e+00 1.5943e-05
5.2586e+00 1.6015e-05
5.2646e+00 1.6087e-05
5.2706e+00 1.6160e-05
5.2766e+00 1.6232e-05
5.2826e+00 1.6305e-05
5.2886e+00 1.6378e-05
5.2946e+00 1.6452e-05
5.3007e+00 1.6526e-05
5.3067e+00 1.6600e-05
5.3127e+00 1.6674e-05
5.3187e+00 1.6748e-05
5.3247e+00 1.6823e-05
5.3307e+00 1.6898e-05
5.3367e+00 1.6973e-05
5.3427e+00 1.7049e-05
5.3487e+00 1.7125e-05
5.3547e+00 1.7201e-05
5.3607e+00 1.7277e-05
5.3667e+00 1.7354e-05
5.3727e+00 1.7431e-05
5.3787e+00 1.7508e-05
5.3847e+00 1.7586e-05
5.3907e+00 1.7663e-05
5.3967e+00 1.7741e-05
5.4027e+00 1.7820e-05
5.4087e+00 1.7898e-05
5.4147e+00 1.7977e-05
5.4207e+00 1.8056e-05
5.4267e+00 1.8135e-05
5.4327e+00 1.8215e-05
5.4387e+00 1.8295e-05
5.4447e+00 1.8375e-05
5.4507e+00 1.8456e-05
5.4567e+00 1.8536e-05
5.4627e+00 1.8617e-05
5.4687e+00 1.8699e-05
5.4747e+00 1.8780e-05
5.4807e+00 1.8862e-05
5.4867e+00 1.8944e-05
5.4927e+00 1.9027e-05
5.4987e+00 1.9110e-05
5.5048e+00 1.9193e-05
5.5108e+00 1.9276e-05
5.5168e+00 1.9359e-05
5.5228e+00 1.9443e-05
5.5288e+00 1.9527e-05
5.5348e+00 1.9612e-05
5.5408e+00 1.9697e-05
5.5468e+00 1.9782e-05
5.5528e+00 1.9867e-05
5.5588e+00 1.9953e-05
5.5648e+00 2.0038e-05
5.5708e+00 2.0125e-05
5.5768e+00 2.0211e-05
5.5828e+00 2.0298e-05
5.5888e+00 2.0385e-05
5.5948e+00 2.0472e-05
5.6008e+00 2.0560e-05
5.6068e+00 2.0648e-05
5.6128e+00 2.0736e-05
5.6188e+00 2.0824e-05
5.6248e+00 2.0913e-05
5.6308e+00 2.1002e-05
5.6368e+00 2.1091e-05
5.6428e+00 2.1181e-05
5.6488e+00 2.1271e-05
5.6548e+00 2.1361e-05
5.6608e+00 2.1452e-05
5.6668e+00 2.1543e-05
5.6728e+00 2.1634e-05
5.6788e+00 2.1725e-05
5.6848e+00 2.1817e-05
5.6908e+00 2.1909e-05
5.6968e+00 2.2002e-05
5.7029e+00 2.2094e-05
5.7089e+00 2.2187e-05
5.7149e+00 2.2280e-05
5.7209e+00 2.2374e-05
5.7269e+00 2.2468e-05
5.7329e+00 2.2562e-05
5.7389e+00 2.2656e-05
5.7449e+00 2.2751e-05
5.7509e+00 2.2846e-05
5.7569e+00 2.2942e-05
5.7629e+00 2.3037e-05
5.7689e+00 2.3133e-05
5.7749e+00 2.3230e-05
5.7809e+00 2.3326e-05
5.7869e+00 2.3423e-05
5.7929e+00 2.3520e-05
5.7989e+00 2.3618e-05
5.8049e+00 2.3716e-05
5.8109e+00 2.3814e-05
5.8169e+00 2.3912e-05
5.8229e+00 2.4011e-05
5.8289e+00 2.4110e-05
5.8349e+00 2.4210e-05
5.8409e+00 2.4309e-05
5.8469e+00 2.4409e-05
5.8529e+00 2.4510e-05
5.8589e+00 2.4610e-05
5.8649e+00 2.4711e-05
5.8709e+00 2.4813e-05
5.8769e+00 2.4914e-05
5.8829e+00 2.5016e-05
5.8889e+00 2.5118e-05
5.8949e+00 2.5221e-05
5.9010e+00 2.5324e-05
5.9070e+00 2.5427e-05
5.9130e+00 2.5530e-05
5.9190e+00 2.5634e-05
5.9250e+00 2.5738e-05
5.9310e+00 2.5843e-05
5.9370e+00 2.5948e-05
5.9430e+00 2.6053e-05
5.9490e+00 2.6158e-05
5.9550e+00 2.6264e-05
5.9610e+00 2.6370e-05
5.9670e+00 2.6476e-05
5.9730e+00 2.6583e-05
5.9790e+00 2.6690e-05
5.9850e+00 2.6797e-05
5.9910e+00 2.6905e-05
5.9970e+00 2.7013e-05
6.0030e+00 2.7121e-05
6.0090e+00 2.7230e-05
6.0150e+00 2.7339e-05
6.0210e+00 2.7448e-05
6.0270e+00 2.7558e-05
6.0330e+00 2.7668e-05
6.0390e+00 2.7778e-05
6.0450e+00 2.7889e-05
6.0510e+00 2.8000e-05
6.0570e+00 2.8111e-05
6.0630e+00 2.8222e-05
6.0690e+00 2.8334e-05
6.0750e+00 2.8447e-05
6.0810e+00 2.8559e-05
6.0870e+00 2.8672e-05
6.0930e+00 2.8785e-05
6.0990e+00 2.8899e-05
6.1051e+00 2.9013e-05
6.1111e+00 2.9127e-05
6.1171e+00 2.9242e-05
6.1231e+00 2.9357e-05
6.1291e+00 2.9472e-05
6.1351e+00 2.9587e-05
6.1411e+00 2.9703e-05
6.1471e+00 2.9820e-05
6.1531e+00 2.9936e-05
6.1591e+00 3.0053e-05
6.1651e+00 3.0170e-05
6.1711e+00 3.0288e-05
6.1771e+00 3.0406e-05
6.1831e+00 3.0524e-05
6.1891e+00 3.0643e-05
6.1951e+00 3.0762e-05
6.2011e+00 3.0881e-05
6.2071e+00 3.1001e-05
6.2131e+00 3.1120e-05
6.2191e+00 3.1241e-05
6.2251e+00 3.1361e-05
6.2311e+00 3.1482e-05
6.2371e+00 3.1604e-05
6.2431e+00 3.1725e-05
6.2491e+00 3.1847e-05
6.2551e+00 3.1970e-05
6.2611e+00 3.2092e-05
6.2671e+00 3.2215e-05
6.2731e+00 3.2339e-05
6.2791e+00 3.2462e-05
6.2851e+00 3.2586e-05
6.2911e+00 3.2711e-05
6.2971e+00 3.2836e-05
6.3032e+00 3.2961e-05
6.3092e+00 3.3086e-05
6.3152e+00 3.3212e-05
6.3212e+00 3.3338e-05
6.3272e+00 3.3464e-05
6.3332e+00 3.3591e-05
6.3392e+00 3.3718e-05
6.3452e+00 3.3846e-05
6.3512e+00 3.3974e-05
6.3572e+00 3.4102e-05
6.3632e+00 3.4230e-05
6.3692e+00 3.4359e-05
6.3752e+00 3.4488e-05
6.3812e+00 3.4618e-05
6.3872e+00 3.4748e-05
6.3932e+00 3.4878e-05
6.3992e+00 3.5009e-05
6.4052e+00 3.5140e-05
6.4112e+00 3.5271e-05
6.4172e+00 3.5403e-05
6.4232e+00 3.5535e-05
6.4292e+00 3.5667e-05
6.4352e+00 3.5800e-05
6.4412e+00 3.5933e-05
6.4472e+00 3.6066e-05
6.4532e+00 3.6200e-05
6.4592e+00 3.6334e-05
6.4652e+00 3.6468e-05
6.4712e+00 3.6603e-05
6.4772e+00 3.6738e-05
6.4832e+00 3.6874e-05
6.4892e+00 3.7010e-05
6.4952e+00 3.7146e-05
6.5013e+00 3.7283e-05
6.5073e+00 3.7419e-05
6.5133e+00 3.7557e-05
6.5193e+00 3.7694e-05
6.5253e+00 3.7832e-05
6.5313e+00 3.7971e-05
6.5373e+00 3.8109e-05
6.5433e+00 3.8248e-05
6.5493e+00 3.8388e-05
6.5553e+00 3.8528e-05
6.5613e+00 3.8668e-05
6.5673e+00 3.8808e-05
6.5733e+00 3.8949e-05
6.5793e+00 3.9090e-05
6.5853e+00 3.9232e-05
6.5913e+00 3.9373e-05
6.5973e+00 3.9516e-05
6.6033e+00 3.9658e-05
6.6093e+00 3.9801e-05
6.6153e+00 3.9944e-05
6.6213e+00 4.0088e-05
6.6273e+00 4.0232e-05
6.6333e+00 4.0376e-05
6.6393e+00 4.0521e-05
6.6453e+00 4.0666e-05
6.6513e+00 4.0812e-05
6.6573e+00 4.0957e-05
6.6633e+00 4.1104e-05
6.6693e+00 4.1250e-05
6.6753e+00 4.1397e-05
6.6813e+00 4.1544e-05
6.6873e+00 4.1692e-05
6.6933e+00 4.1840e-05
6.6993e+00 4.1988e-05
6.7054e+00 4.2136e-05
6.7114e+00 4.2285e-05
6.7174e+00 4.2435e-05
6.7234e+00 4.2584e-05
6.7294e+00 4.2734e-05
6.7354e+00 4.2885e-05
6.7414e+00 4.3036e-05
6.7474e+00 4.3187e-05
6.7534e+00 4.3338e-05
6.7594e+00 4.3490e-05
6.7654e+00 4.3642e-05
6.7714e+00 4.3795e-05
6.7774e+00 4.3948e-05
6.7834e+00 4.4101e-05
6.7894e+00 4.4255e-05
6.7954e+00 4.4409e-05
6.8014e+00 4.4563e-05
6.8074e+00 4.4718e-05
6.8134e+00 4.4873e-05
6.8194e+00 4.5028e-05
6.8254e+00 4.5184e-05
6.8314e+00 4.5340e-05
6.8374e+00 4.5497e-05
6.8434e+00 4.5653e-05
6.8494e+00 4.5811e-05
6.8554e+00 4.5968e-05
6.8614e+00 4.6126e-05
6.8674e+00 4.6284e-05
6.8734e+00 4.6443e-05
6.8794e+00 4.6602e-05
6.8854e+00 4.6761e-05
6.8914e+00 4.6921e-05
6.8974e+00 4.7081e-05
6.9035e+00 4.7241e-05
6.9095e+00 4.7402e-05
6.9155e+00 4.7563e-05
6.9215e+00 4.7725e-05
6.9275e+00 4.7887e-05
6.9335e+00 4.8049e-05
6.9395e+00 4.8211e-05
6.9455e+00 4.8374e-05
6.9515e+00 4.8538e-05
6.9575e+00 4.8701e-05
6.9635e+00 4.8865e-05
6.9695e+00 4.9030e-05
6.9755e+00 4.9194e-05
6.9815e+00 4.9359e-05
6.9875e+00 4.9525e-05
6.9935e+00 4.9690e-05
6.9995e+00 4.9857e-05
7.0055e+00 5.0023e-05
7.0115e+00 5.0190e-05
7.0175e+00 5.0357e-05
7.0235e+00 5.0525e-05
7.0295e+00 5.0692e-05
7.0355e+00 5.0861e-05
7.0415e+00 5.1029e-05
7.0475e+00 5.1198e-05
7.0535e+00 5.1368e-05
7.0595e+00 5.1537e-05
7.0655e+00 5.1707e-05
7.0715e+00 5.1878e-05
7.0775e+00 5.2048e-05
7.0835e+00 5.2219e-05
7.0895e+00 5.2391e-05
7.0955e+00 5.2563e-05
7.1016e+00 5.2735e-05
7.1076e+00 5.2907e-05
7.1136e+00 5.3080e-05
7.1196e+00 5.3253e-05
7.1256e+00 5.3427e-05
7.1316e+00 5.3601e-05
7.1376e+00 5.3775e-05
7.1436e+00 5.3949e-05
7.1496e+00 5.4124e-05
7.1556e+00 5.4300e-05
7.1616e+00 5.4475e-05
7.1676e+00 5.4651e-05
7.1736e+00 5.4827e-05
7.1796e+00 5.5004e-05
7.1856e+00 5.5181e-05
7.1916e+00 5.5359e-05
7.1976e+00 5.5536e-05
7.2036e+00 5.5714e-05
7.2096e+00 5.5893e-05
7.2156e+00 5.6072e-05
7.2216e+00 5.6251e-05
7.2276e+00 5.6430e-05
7.2336e+00 5.6610e-05
7.2396e+00 5.6790e-05
7.2456e+00 5.6971e-05
7.2516e+00 5.7151e-05
7.2576e+00 5.7333e-05
7.2636e+00 5.7514e-05
7.2696e+00 5.7696e-05
7.2756e+00 5.7878e-05
7.2816e+00 5.8061e-05
7.2876e+00 5.8244e-05
7.2936e+00 5.8427e-05
7.2996e+00 5.8610e-05
7.3057e+00 5.8794e-05
7.3117e+00 5.8979e-05
7.3177e+00 5.9163e-05
7.3237e+00 5.9348e-05
7.3297e+00 5.9533e-05
7.3357e+00 5.9719e-05
7.3417e+00 5.9905e-05
7.3477e+00 6.0091e-05
7.3537e+00 6.0278e-05
7.3597e+00 6.0465e-05
7.3657e+00 6.0652e-05
7.3717e+00 6.0840e-05
7.3777e+00 6.1028e-05
7.3837e+00 6.1216e-05
7.3897e+00 6.1405e-05
7.3957e+00 6.1594e-05
7.4017e+00 6.1783e-05
7.4077e+00 6.1973e-05
7.4137e+00 6.2163e-05
7.4197e+00 6.2353e-05
7.4257e+00 6.2544e-05
7.4317e+00 6.2735e-05
7.4377e+00 6.2926e-05
7.4437e+00 6.3118e-05
7.4497e+00 6.3310e-05
7.4557e+00 6.3502e-05
7.4617e+00 6.3695e-05
7.4677e+00 6.3888e-05
7.4737e+00 6.4081e-05
7.4797e+00 6.4275e-05
7.4857e+00 6.4469e-05
7.4917e+00 6.4663e-05
7.4977e+00 6.4857e-05
7.5038e+00 6.5052e-05
7.5098e+00 6.5248e-05
7.5158e+00 6.5443e-05
7.5218e+00 6.5639e-05
7.5278e+00 6.5835e-05
7.5338e+00 6.6032e-05
7.5398e+00 6.6229e-05
7.5458e+00 6.6426e-05
7.5518e+00 6.6623e-05
7.5578e+00 6.6821e-05
7.5638e+00 6.7019e-05
7.5698e+00 6.7218e-05
7.5758e+00 6.7417e-05
7.5818e+00 6.7616e-05
7.5878e+00 6.7815e-05
7.5938e+00 6.8015e-05
7.5998e+00 6.8215e-05
7.6058e+00 6.8415e-05
7.6118e+00 6.8616e-05
7.6178e+00 6.8817e-05
7.6238e+00 6.9018e-05
7.6298e+00 6.9220e-05
7.6358e+00 6.9422e-05
7.6418e+00 6.9624e-05
7.6478e+00 6.9827e-05
7.6538e+00 7.0029e-05
7.6598e+00 7.0233e-05
7.6658e+00 7.0436e-05
7.6718e+00 7.0640e-05
7.6778e+00 7.0844e-05
7.6838e+00 7.1048e-05
7.6898e+00 7.1253e-05
7.6958e+00 7.1458e-05
7.7019e+00 7.1663e-05
7.7079e+00 7.1869e-05
7.7139e+00 7.2075e-05
7.7199e+00 7.2281e-05
7.7259e+00 7.2488e-05
7.7319e+00 7.2694e-05
7.7379e+00 7.2901e-05
7.7439e+00 7.3109e-05
7.7499e+00 7.3317e-05
7.7559e+00 7.3525e-05
7.7619e+00 7.3733e-05
7.7679e+00 7.3941e-05
7.7739e+00 7.4150e-05
7.7799e+00 7.4359e-05
7.7859e+00 7.4569e-05
7.7919e+00 7.4779e-05
7.7979e+00 7.4989e-05
7.8039e+00 7.5199e-05
7.8099e+00 7.5410e-05
7.8159e+00 7.5620e-05
7.8219e+00 7.5832e-05
7.8279e+00 7.6043e-05
7.8339e+00 7.6255e-05
7.8399e+00 7.6467e-05
7.8459e+00 7.6679e-05
7.8519e+00 7.6892e-05
7.8579e+00 7.7105e-05
7.8639e+00 7.7318e-05
7.8699e+00 7.7531e-05
7.8759e+00 7.7745e-05
7.8819e+00 7.7959e-05
7.8879e+00 7.8173e-05
7.8939e+00 7.8388e-05
7.8999e+00 7.8603e-05
7.9060e+00 7.8818e-05
7.9120e+00 7.9033e-05
7.9180e+00 7.9249e-05
7.9240e+00 7.9465e-05
7.9300e+00 7.9681e-05
7.9360e+00 7.9897e-05
7.9420e+00 8.0114e-05
7.9480e+00 8.0331e-05
7.9540e+00 8.0548e-05
7.9600e+00 8.0766e-05
7.9660e+00 8.0984e-05
7.9720e+00 8.1202e-05
7.9780e+00 8.1420e-05
7.9840e+00 8.1638e-05
7.9900e+00 8.1857e-05
7.9960e+00 8.2076e-05
8.0020e+00 8.2296e-05
8.0080e+00 8.2515e-05
8.0140e+00 8.2735e-05
8.0200e+00 8.2955e-05
8.0260e+00 8.3175e-05
8.0320e+00 8.3396e-05
8.0380e+00 8.3617e-05
8.0440e+00 8.3838e-05
8.0500e+00 8.4059e-05
8.0560e+00 8.4281e-05
8.0620e+00 8.4503e-05
8.0680e+00 8.4725e-05
8.0740e+00 8.4947e-05
8.0800e+00 8.5170e-05
8.0860e+00 8.5393e-05
8.0920e+00 8.5616e-05
8.0980e+00 8.5839e-05
8.1041e+00 8.6062e-05
8.1101e+00 8.6286e-05
8.1161e+00 8.6510e-05
8.1221e+00 8.6734e-05
8.1281e+00 8.6959e-05
8.1341e+00 8.7184e-05
8.1401e+00 8.7408e-05
8.1461e+00 8.7634e-05
8.1521e+00 8.7859e-05
8.1581e+00 8.8085e-05
8.1641e+00 8.8310e-05
8.1701e+00 8.8536e-05
8.1761e+00 8.8763e-05
8.1821e+00 8.8989e-05
8.1881e+00 8.9216e-05
8.1941e+00 8.9443e-05
8.2001e+00 8.9670e-05
8.2061e+00 8.9897e-05
8.2121e+00 9.0125e-05
8.2181e+00 9.0353e-05
8.2241e+00 9.0581e-05
8.2301e+00 9.0809e-05
8.2361e+00 9.1038e-05
8.2421e+00 9.1266e-05
8.2481e+00 9.1495e-05
8.2541e+00 9.1724e-05
8.2601e+00 9.1953e-05
8.2661e+00 9.2183e-05
8.2721e+00 9.2413e-05
8.2781e+00 9.2642e-05
8.2841e+00 9.2873e-05
8.2901e+00 9.3103e-05
8.2961e+00 9.3333e-05
8.3022e+00 9.3564e-05
8.3082e+00 9.3795e-05
8.3142e+00 9.4026e-05
8.3202e+00 9.4257e-05
8.3262e+00 9.4489e-05
8.3322e+00 9.4720e-05
8.3382e+00 9.4952e-05
8.3442e+00 9.5184e-05
8.3502e+00 9.5416e-05
8.3562e+00 9.5649e-05
8.3622e+00 9.5881e-05
8.3682e+00 9.6114e-05
8.3742e+00 9.6347e-05
8.3802e+00 9.6580e-05
8.3862e+00 9.6813e-05
8.3922e+00 9.7047e-05
8.3982e+00 9.7280e-05
8.4042e+00 9.7514e-05
8.4102e+00 9.7748e-05
8.4162e+00 9.7982e-05
8.4222e+00 9.8217e-05
8.4282e+00 9.8451e-05
8.4342e+00 9.8686e-05
8.4402e+00 9.8920e-05
8.4462e+00 9.9155e-05
8.4522e+00 9.9390e-05
8.4582e+00 9.9626e-05
8.4642e+00 9.9861e-05
8.4702e+00 1.0010e-04
8.4762e+00 1.0033e-04
8.4822e+00 1.0057e-04
8.4882e+00 1.0080e-04
8.4942e+00 1.0104e-04
8.5003e+00 1.0128e-04
8.5063e+00 1.0151e-04
8.5123e+00 1.0175e-04
8.5183e+00 1.0199e-04
8.5243e+00 1.0222e-04
8.5303e+00 1.0246e-04
8.5363e+00 1.0270e-04
8.5423e+00 1.0294e-04
8.5483e+00 1.0317e-04
8.5543e+00 1.0341e-04
8.5603e+00 1.0365e-04
8.5663e+00 1.0389e-04
8.5723e+00 1.0412e-04
8.5783e+00 1.0436e-04
8.5843e+00 1.0460e-04
8.5903e+00 1.0484e-04
8.5963e+00 1.0508e-04
8.6023e+00 1.0532e-04
8.6083e+00 1.0555e-04
8.6143e+00 1.0579e-04
8.6203e+00 1.0603e-04
8.6263e+00 1.0627e-04
8.6323e+00 1.0651e-04
8.6383e+00 1.0675e-04
8.6443e+00 1.0699e-04
8.6503e+00 1.0723e-04
8.6563e+00 1.0747e-04
8.6623e+00 1.0771e-04
8.6683e+00 1.0795e-04
8.6743e+00 1.0819e-04
8.6803e+00 1.0843e-04
8.6863e+00 1.0867e-04
8.6923e+00 1.0891e-04
8.6983e+00 1.0915e-04
8.7044e+00 1.0939e-04
8.7104e+00 1.0963e-04
8.7164e+00 1.0987e-04
8.7224e+00 1.1011e-04
8.7284e+00 1.1035e-04
8.7344e+00 1.1059e-04
8.7404e+00 1.1083e-04
8.7464e+00 1.1107e-04
8.7524e+00 1.1132e-04
8.7584e+00 1.1156e-04
8.7644e+00 1.1180e-04
8.7704e+00 1.1204e-04
8.7764e+00 1.1228e-04
8.7824e+00 1.1252e-04
8.7884e+00 1.1276e-04
8.7944e+00 1.1301e-04
8.8004e+00 1.1325e-04
8.8064e+00 1.1349e-04
8.8124e+00 1.1373e-04
8.8184e+00 1.1397e-04
8.8244e+00 1.1421e-04
8.8304e+00 1.1446e-04
8.8364e+00 1.1470e-04
8.8424e+00 1.1494e-04
8.8484e+00 1.1518e-04
8.8544e+00 1.1542e-04
8.8604e+00 1.1567e-04
8.8664e+00 1.1591e-04
8.8724e+00 1.1615e-04
8.8784e+00 1.1639e-04
8.8844e+00 1.1664e-04
8.8904e+00 1.1688e-04
8.8964e+00 1.1712e-04
8.9025e+00 1.1736e-04
8.9085e+00 1.1761e-04
8.9145e+00 1.1785e-04
8.9205e+00 1.1809e-04
8.9265e+00 1.1833e-04
8.9325e+00 1.1858e-04
8.9385e+00 1.1882e-04
8.9445e+00 1.1906e-04
8.9505e+00 1.1930e-04
8.9565e+00 1.1955e-04
8.9625e+00 1.1979e-04
8.9685e+00 1.2003e-04
8.9745e+00 1.2027e-04
8.9805e+00 1.2052e-04
8.9865e+00 1.2076e-04
8.9925e+00 1.2100e-04
8.9985e+00 1.2125e-04
9.0045e+00 1.2149e-04
9.0105e+00 1.2173e-04
9.0165e+00 1.2197e-04
9.0225e+00 1.2222e-04
9.0285e+00 1.2246e-04
9.0345e+00 1.2270e-04
9.0405e+00 1.2294e-04
9.0465e+00 1.2319e-04
9.0525e+00 1.2343e-04
9.0585e+00 1.2367e-04
9.0645e+00 1.2392e-04
9.0705e+00 1.2416e-04
9.0765e+00 1.2440e-04
9.0825e+00 1.2464e-04
9.0885e+00 1.2489e-04
9.0945e+00 1.2513e-04
9.1006e+00 1.2537e-04
9.1066e+00 1.2561e-04
9.1126e+00 1.2586e-04
9.1186e+00 1.2610e-04
9.1246e+00 1.2634e-04
9.1306e+00 1.2658e-04
9.1366e+00 1.2682e-04
9.1426e+00 1.2707e-04
9.1486e+00 1.2731e-04
9.1546e+00 1.2755e-04
9.1606e+00 1.2779e-04
9.1666e+00 1.2803e-04
9.1726e+00 1.2828e-04
9.1786e+00 1.2852e-04
9.1846e+00 1.2876e-04
9.1906e+00 1.2900e-04
9.1966e+00 1.2924e-04
9.2026e+00 1.2949e-04
9.2086e+00 1.2973e-04
9.2146e+00 1.2997e-04
9.2206e+00 1.3021e-04
9.2266e+00 1.3045e-04
9.2326e+00 1.3069e-04
9.2386e+00 1.3093e-04
9.2446e+00 1.3118e-04
9.2506e+00 1.3142e-04
9.2566e+00 1.3166e-04
9.2626e+00 1.3190e-04
9.2686e+00 1.3214e-04
9.2746e+00 1.3238e-04
9.2806e+00 1.3262e-04
9.2866e+00 1.3286e-04
9.2926e+00 1.3310e-04
9.2986e+00 1.3334e-04
9.3047e+00 1.3358e-04
9.3107e+00 1.3382e-04
9.3167e+00 1.3406e-04
9.3227e+00 1.3430e-04
9.3287e+00 1.3454e-04
9.3347e+00 1.3478e-04
9.3407e+00 1.3502e-04
9.3467e+00 1.3526e-04
9.3527e+00 1.3550e-04
9.3587e+00 1.3574e-04
9.3647e+00 1.3598e-04
9.3707e+00 1.3622e-04
9.3767e+00 1.3646e-04
9.3827e+00 1.3669e-04
9.3887e+00 1.3693e-04
9.3947e+00 1.3717e-04
9.4007e+00 1.3741e-04
9.4067e+00 1.3765e-04
9.4127e+00 1.3789e-04
9.4187e+00 1.3812e-04
9.4247e+00 1.3836e-04
9.4307e+00 1.3860e-04
9.4367e+00 1.3884e-04
9.4427e+00 1.3907e-04
9.4487e+00 1.3931e-04
9.4547e+00 1.3955e-04
9.4607e+00 1.3978e-04
9.4667e+00 1.4002e-04
9.4727e+00 1.4026e-04
9.4787e+00 1.4049e-04
9.4847e+00 1.4073e-04
9.4907e+00 1.4097e-04
9.4967e+00 1.4120e-04
9.5028e+00 1.4144e-04
9.5088e+00 1.4167e-04
9.5148e+00 1.4191e-04
9.5208e+00 1.4214e-04
9.5268e+00 1.4238e-04
9.5328e+00 1.4261e-04
9.5388e+00 1.4285e-04
9.5448e+00 1.4308e-04
9.5508e+00 1.4332e-04
9.5568e+00 1.4355e-04
9.5628e+00 1.4378e-04
9.5688e+00 1.4402e-04
9.5748e+00 1.4425e-04
9.5808e+00 1.4448e-04
9.5868e+00 1.4472e-04
9.5928e+00 1.4495e-04
9.5988e+00 1.4518e-04
9.6048e+00 1.4542e-04
9.6108e+00 1.4565e-04
9.6168e+00 1.4588e-04
9.6228e+00 1.4611e-04
9.6288e+00 1.4634e-04
9.6348e+00 1.4657e-04
9.6408e+00 1.4681e-04
9.6468e+00 1.4704e-04
9.6528e+00 1.4727e-04
9.6588e+00 1.4750e-04
9.6648e+00 1.4773e-04
9.6708e+00 1.4796e-04
9.6768e+00 1.4819e-04
9.6828e+00 1.4842e-04
9.6888e+00 1.4865e-04
9.6948e+00 1.4888e-04
9.7009e+00 1.4910e-04
9.7069e+00 1.4933e-04
9.7129e+00 1.4956e-04
9.7189e+00 1.4979e-04
9.7249e+00 1.5002e-04
9.7309e+00 1.5024e-04
9.7369e+00 1.5047e-04
9.7429e+00 1.5070e-04
9.7489e+00 1.5093e-04
9.7549e+00 1.5115e-04
9.7609e+00 1.5138e-04
9.7669e+00 1.5160e-04
9.7729e+00 1.5183e-04
9.7789e+00 1.5206e-04
9.7849e+00 1.5228e-04
9.7909e+00 1.5251e-04
9.7969e+00 1.5273e-04
9.8029e+00 1.5295e-04
9.8089e+00 1.5318e-04
9.8149e+00 1.5340e-04
9.8209e+00 1.5363e-04
9.8269e+00 1.5385e-04
9.8329e+00 1.5407e-04
9.8389e+00 1.5429e-04
9.8449e+00 1.5452e-04
9.8509e+00 1.5474e-04
9.8569e+00 1.5496e-04
9.8629e+00 1.5518e-04
9.8689e+00 1.5540e-04
9.8749e+00 1.5562e-04
9.8809e+00 1.5584e-04
9.8869e+00 1.5606e-04
9.8929e+00 1.5628e-04
9.8989e+00 1.5650e-04
9.9050e+00 1.5672e-04
9.9110e+00 1.5694e-04
9.9170e+00 1.5716e-04
9.9230e+00 1.5738e-04
9.9290e+00 1.5760e-04
9.9350e+00 1.5781e-04
9.9410e+00 1.5803e-04
9.9470e+00 1.5825e-04
9.9530e+00 1.5846e-04
9.9590e+00 1.5868e-04
9.9650e+00 1.5890e-04
9.9710e+00 1.5911e-04
9.9770e+00 1.5933e-04
9.9830e+00 1.5954e-04
9.9890e+00 1.5976e-04
9.9950e+00 1.5997e-04
1.0001e+01 1.6018e-04
1.0007e+01 1.6040e-04
1.0013e+01 1.6061e-04
1.0019e+01 1.6082e-04
1.0025e+01 1.6103e-04
1.0031e+01 1.6125e-04
1.0037e+01 1.6146e-04
1.0043e+01 1.6167e-04
1.0049e+01 1.6188e-04
1.0055e+01 1.6209e-04
1.0061e+01 1.6230e-04
1.0067e+01 1.6251e-04
1.0073e+01 1.6272e-04
1.0079e+01 1.6293e-04
1.0085e+01 1.6314e-04
1.0091e+01 1.6335e-04
1.0097e+01 1.6355e-04
1.0103e+01 1.6376e-04
1.0109e+01 1.6397e-04
1.0115e+01 1.6417e-04
1.0121e+01 1.6438e-04
1.0127e+01 1.6459e-04
1.0133e+01 1.6479e-04
1.0139e+01 1.6500e-04
1.0145e+01 1.6520e-04
1.0151e+01 1.6541e-04
1.0157e+01 1.6561e-04
1.0163e+01 1.6581e-04
1.0169e+01 1.6602e-04
1.0175e+01 1.6622e-04
1.0181e+01 1.6642e-04
1.0187e+01 1.6662e-04
1.0193e+01 1.6682e-04
1.0199e+01 1.6702e-04
1.0205e+01 1.6722e-04
1.0211e+01 1.6742e-04
1.0217e+01 1.6762e-04
1.0223e+01 1.6782e-04
1.0229e+01 1.6802e-04
1.0235e+01 1.6822e-04
1.0241e+01 1.6842e-04
1.0247e+01 1.6862e-04
1.0253e+01 1.6881e-04
1.0259e+01 1.6901e-04
1.0265e+01 1.6920e-04
1.0271e+01 1.6940e-04
1.0277e+01 1.6960e-04
1.0283e+01 1.6979e-04
1.0289e+01 1.6998e-04
1.0295e+01 1.7018e-04
1.0301e+01 1.7037e-04
1.0307e+01 1.7056e-04
1.0313e+01 1.7076e-04
1.0319e+01 1.7095e-04
1.0325e+01 1.7114e-04
1.0331e+01 1.7133e-04
1.0337e+01 1.7152e-04
1.0343e+01 1.7171e-04
1.0349e+01 1.7190e-04
1.0355e+01 1.7209e-04
1.0361e+01 1.7228e-04
1.0367e+01 1.7247e-04
1.0373e+01 1.7265e-04
1.0379e+01 1.7284e-04
1.0385e+01 1.7303e-04
1.0391e+01 1.7321e-04
1.0397e+01 1.7340e-04
1.0403e+01 1.7358e-04
1.0409e+01 1.7377e-04
1.0415e+01 1.7395e-04
1.0421e+01 1.7414e-04
1.0427e+01 1.7432e-04
1.0433e+01 1.7450e-04
1.0439e+01 1.7468e-04
1.0445e+01 1.7487e-04
1.0451e+01 1.7505e-04
1.0457e+01 1.7523e-04
1.0463e+01 1.7541e-04
1.0469e+01 1.7559e-04
1.0475e+01 1.7577e-04
1.0481e+01 1.7594e-04
1.0487e+01 1.7612e-04
1.0493e+01 1.7630e-04
1.0499e+01 1.7648e-04
1.0505e+01 1.7665e-04
1.0511e+01 1.7683e-04
1.0517e+01 1.7700e-04
1.0523e+01 1.7718e-04
1.0529e+01 1.7735e-04
1.0535e+01 1.7753e-04
1.0541e+01 1.7770e-04
1.0547e+01 1.7787e-04
1.0553e+01 1.7805e-04
1.0559e+01 1.7822e-04
1.0565e+01 1.7839e-04
1.0571e+01 1.7856e-04
1.0577e+01 1.7873e-04
1.0583e+01 1.7890e-04
1.0589e+01 1.7907e-04
1.0595e+01 1.7923e-04
1.0601e+01 1.7940e-04
1.0607e+01 1.7957e-04
1.0613e+01 1.7974e-04
1.0619e+01 1.7990e-04
1.0625e+01 1.8007e-04
1.0631e+01 1.8023e-04
1.0637e+01 1.8040e-04
1.0643e+01 1.8056e-04
1.0649e+01 1.8072e-04
1.0655e+01 1.8089e-04
1.0661e+01 1.8105e-04
1.0667e+01 1.8121e-04
1.0673e+01 1.8137e-04
1.0679e+01 1.8153e-04
1.0685e+01 1.8169e-04
1.0691e+01 1.8185e-04
1.0697e+01 1.8201e-04
1.0703e+01 1.8216e-04
1.0709e+01 1.8232e-04
1.0715e+01 1.8248e-04
1.0721e+01 1.8263e-04
1.0727e+01 1.8279e-04
1.0733e+01 1.8295e-04
1.0739e+01 1.8310e-04
1.0745e+01 1.8325e-04
1.0751e+01 1.8341e-04
1.0757e+01 1.8356e-04
1.0763e+01 1.8371e-04
1.0769e+01 1.8386e-04
1.0775e+01 1.8401e-04
1.0781e+01 1.8416e-04
1.0787e+01 1.8431e-04
1.0793e+01 1.8446e-04
1.0799e+01 1.8461e-04
1.0805e+01 1.8476e-04
1.0811e+01 1.8490e-04
1.0817e+01 1.8505e-04
1.0823e+01 1.8519e-04
1.0829e+01 1.8534e-04
1.0835e+01 1.8548e-04
1.0841e+01 1.8563e-04
1.0847e+01 1.8577e-04
1.0853e+01 1.8591e-04
1.0859e+01 1.8606e-04
1.0865e+01 1.8620e-04
1.0871e+01 1.8634e-04
1.0877e+01 1.8648e-04
1.0883e+01 1.8662e-04
1.0889e+01 1.8676e-04
1.0895e+01 1.8689e-04
1.0901e+01 1.8703e-04
1.0907e+01 1.8717e-04
1.0913e+01 1.8730e-04
1.0919e+01 1.8744e-04
1.0925e+01 1.8757e-04
1.0931e+01 1.8771e-04
1.0937e+01 1.8784e-04
1.0943e+01 1.8797e-04
1.0949e+01 1.8811e-04
1.0955e+01 1.8824e-04
1.0961e+01 1.8837e-04
1.0967e+01 1.8850e-04
1.0973e+01 1.8863e-04
1.0979e+01 1.8876e-04
1.0985e+01 1.8888e-04
1.0991e+01 1.8901e-04
1.0997e+01 1.8914e-04
1.1004e+01 1.8927e-04
1.1010e+01 1.8939e-04
1.1016e+01 1.8952e-04
1.1022e+01 1.8964e-04
1.1028e+01 1.8976e-04
1.1034e+01 1.8989e-04
1.1040e+01 1.9001e-04
1.1046e+01 1.9013e-04
1.1052e+01 1.9025e-04
1.1058e+01 1.9037e-04
1.1064e+01 1.9049e-04
1.1070e+01 1.9061e-04
1.1076e+01 1.9073e-04
1.1082e+01 1.9084e-04
1.1088e+01 1.9096e-04
1.1094e+01 1.9108e-04
1.1100e+01 1.9119e-04
1.1106e+01 1.9131e-04
1.1112e+01 1.9142e-04
1.1118e+01 1.9153e-04
1.1124e+01 1.9164e-04
1.1130e+01 1.9176e-04
1.1136e+01 1.9187e-04
1.1142e+01 1.9198e-04
1.1148e+01 1.9209e-04
1.1154e+01 1.9220e-04
1.1160e+01 1.9230e-04
1.1166e+01 1.9241e-04
1.1172e+01 1.9252e-04
1.1178e+01 1.9262e-04
1.1184e+01 1.9273e-04
1.1190e+01 1.9283e-04
1.1196e+01 1.9294e-04
1.1202e+01 1.9304e-04
1.1208e+01 1.9314e-04
1.1214e+01 1.9325e-04
1.1220e+01 1.9335e-04
1.1226e+01 1.9345e-04
1.1232e+01 1.9355e-04
1.1238e+01 1.9365e-04
1.1244e+01 1.9374e-04
1.1250e+01 1.9384e-04
1.1256e+01 1.9394e-04
1.1262e+01 1.9403e-04
1.1268e+01 1.9413e-04
1.1274e+01 1.9422e-04
1.1280e+01 1.9432e-04
1.1286e+01 1.9441e-04
1.1292e+01 1.9450e-04
1.1298e+01 1.9459e-04
1.1304e+01 1.9468e-04
1.1310e+01 1.9477e-04
1.1316e+01 1.9486e-04
1.1322e+01 1.9495e-04
1.1328e+01 1.9504e-04
1.1334e+01 1.9513e-04
1.1340e+01 1.9521e-04
1.1346e+01 1.9530e-04
1.1352e+01 1.9538e-04
1.1358e+01 1.9547e-04
1.1364e+01 1.9555e-04
1.1370e+01 1.9563e-04
1.1376e+01 1.9572e-04
1.1382e+01 1.9580e-04
1.1388e+01 1.9588e-04
1.1394e+01 1.9596e-04
1.1400e+01 1.9604e-04
1.1406e+01 1.9611e-04
1.1412e+01 1.9619e-04
1.1418e+01 1.9627e-04
1.1424e+01 1.9634e-04
1.1430e+01 1.9642e-04
1.1436e+01 1.9649e-04
1.1442e+01 1.9657e-04
1.1448e+01 1.9664e-04
1.1454e+01 1.9671e-04
1.1460e+01 1.9678e-04
1.1466e+01 1.9685e-04
1.1472e+01 1.9692e-04
1.1478e+01 1.9699e-04
1.1484e+01 1.9706e-04
1.1490e+01 1.9713e-04
1.1496e+01 1.9719e-04
1.1502e+01 1.9726e-04
1.1508e+01 1.9733e-04
1.1514e+01 1.9739e-04
1.1520e+01 1.9745e-04
1.1526e+01 1.9752e-04
1.1532e+01 1.9758e-04
1.1538e+01 1.9764e-04
1.1544e+01 1.9770e-04
1.1550e+01 1.9776e-04
1.1556e+01 1.9782e-04
1.1562e+01 1.9788e-04
1.1568e+01 1.9794e-04
1.1574e+01 1.9799e-04
1.1580e+01 1.9805e-04
1.1586e+01 1.9810e-04
1.1592e+01 1.9816e-04
1.1598e+01 1.9821e-04
1.1604e+01 1.9826e-04
1.1610e+01 1.9832e-04
1.1616e+01 1.9837e-04
1.1622e+01 1.9842e-04
1.1628e+01 1.9847e-04
1.1634e+01 1.9852e-04
1.1640e+01 1.9856e-04
1.1646e+01 1.9861e-04
1.1652e+01 1.9866e-04
1.1658e+01 1.9870e-04
1.1664e+01 1.9875e-04
1.1670e+01 1.9879e-04
1.1676e+01 1.9884e-04
1.1682e+01 1.9888e-04
1.1688e+01 1.9892e-04
1.1694e+01 1.9896e-04
1.1700e+01 1.9900e-04
1.1706e+01 1.9904e-04
1.1712e+01 1.9908e-04
1.1718e+01 1.9912e-04
1.1724e+01 1.9915e-04
1.1730e+01 1.9919e-04
1.1736e+01 1.9923e-04
1.1742e+01 1.9926e-04
1.1748e+01 1.9929e-04
1.1754e+01 1.9933e-04
1.1760e+01 1.9936e-04
1.1766e+01 1.9939e-04
1.1772e+01 1.9942e-04
1.1778e+01 1.9945e-04
1.1784e+01 1.9948e-04
1.1790e+01 1.9951e-04
1.1796e+01 1.9954e-04
1.1802e+01 1.9956e-04
1.1808e+01 1.9959e-04
1.1814e+01 1.9962e-04
1.1820e+01 1.9964e-04
1.1826e+01 1.9966e-04
1.1832e+01 1.9969e-04
1.1838e+01 1.9971e-04
1.1844e+01 1.9973e-04
1.1850e+01 1.9975e-04
1.1856e+01 1.9977e-04
1.1862e+01 1.9979e-04
1.1868e+01 1.9981e-04
1.1874e+01 1.9982e-04
1.1880e+01 1.9984e-04
1.1886e+01 1.9986e-04
1.1892e+01 1.9987e-04
1.1898e+01 1.9988e-04
1.1904e+01 1.9990e-04
1.1910e+01 1.9991e-04
1.1916e+01 1.9992e-04
1.1922e+01 1.9993e-04
1.1928e+01 1.9994e-04
1.1934e+01 1.9995e-04
1.1940e+01 1.9996e-04
1.1946e+01 1.9997e-04
1.1952e+01 1.9997e-04
1.1958e+01 1.9998e-04
1.1964e+01 1.9999e-04
1.1970e+01 1.9999e-04
1.1976e+01 1.9999e-04
1.1982e+01 2.0000e-04
1.1988e+01 2.0000e-04
1.1994e+01 2.0000e-04
1.2000e+01 2.0000e-04
