5.23599e-04 1.04230e-01
3.25556e-03 3.18687e-02
5.98751e-03 1.40324e-02
8.71947e-03 7.57204e-03
1.14514e-02 4.65551e-03
1.41834e-02 3.13456e-03
1.69153e-02 2.25586e-03
1.96473e-02 1.70770e-03
2.23793e-02 1.34466e-03
2.51112e-02 1.09240e-03
2.78432e-02 9.10062e-04
3.05751e-02 7.73863e-04
3.33071e-02 6.69251e-04
3.60390e-02 5.86957e-04
3.87710e-02 5.20870e-04
4.15029e-02 4.66831e-04
4.42349e-02 4.21941e-04
4.69669e-02 3.84126e-04
4.96988e-02 3.51873e-04
5.24308e-02 3.24059e-04
5.51627e-02 2.99835e-04
5.78947e-02 2.78549e-04
6.06266e-02 2.59695e-04
6.33586e-02 2.42875e-04
6.60906e-02 2.27770e-04
6.88225e-02 2.14126e-04
7.15545e-02 2.01734e-04
7.42864e-02 1.90424e-04
7.70184e-02 1.80055e-04
7.97503e-02 1.70510e-04
8.24823e-02 1.61691e-04
8.52143e-02 1.53515e-04
8.79462e-02 1.45910e-04
9.06782e-02 1.38817e-04
9.34101e-02 1.32184e-04
9.61421e-02 1.25965e-04
9.88740e-02 1.20121e-04
1.01606e-01 1.14619e-04
1.04338e-01 1.09429e-04
1.07070e-01 1.04525e-04
1.09802e-01 9.98828e-05
1.12534e-01 9.54828e-05
1.15266e-01 9.13066e-05
1.17998e-01 8.73379e-05
1.20730e-01 8.35620e-05
1.23462e-01 7.99660e-05
1.26194e-01 7.65380e-05
1.28926e-01 7.32674e-05
1.31658e-01 7.01444e-05
1.34389e-01 6.71604e-05
1.37121e-01 6.43073e-05
1.39853e-01 6.15778e-05
1.42585e-01 5.89653e-05
1.45317e-01 5.64634e-05
1.48049e-01 5.40667e-05
1.50781e-01 5.17697e-05
1.53513e-01 4.95677e-05
1.56245e-01 4.74560e-05
1.58977e-01 4.54306e-05
1.61709e-01 4.34875e-05
1.64441e-01 4.16230e-05
1.67173e-01 3.98336e-05
1.69905e-01 3.81162e-05
1.72637e-01 3.64675e-05
1.75369e-01 3.48849e-05
1.78101e-01 3.33655e-05
1.80833e-01 3.19068e-05
1.83565e-01 3.05062e-05
1.86297e-01 2.91616e-05
1.89029e-01 2.78707e-05
1.91761e-01 2.66314e-05
1.94493e-01 2.54416e-05
1.97224e-01 2.42996e-05
1.99956e-01 2.32034e-05
2.02688e-01 2.21513e-05
2.05420e-01 2.11417e-05
2.08152e-01 2.01730e-05
2.10884e-01 1.92436e-05
2.13616e-01 1.83521e-05
2.16348e-01 1.74971e-05
2.19080e-01 1.66772e-05
2.21812e-01 1.58912e-05
2.24544e-01 1.51378e-05
2.27276e-01 1.44159e-05
2.30008e-01 1.37242e-05
2.32740e-01 1.30617e-05
2.35472e-01 1.24273e-05
2.38204e-01 1.18201e-05
2.40936e-01 1.12389e-05
2.43668e-01 1.06828e-05
2.46400e-01 1.01509e-05
2.49132e-01 9.64241e-06
2.51864e-01 9.15632e-06
2.54596e-01 8.69184e-06
2.57328e-01 8.24815e-06
2.60059e-01 7.82447e-06
2.62791e-01 7.42004e-06
2.65523e-01 7.03410e-06
2.68255e-01 6.66596e-06
2.70987e-01 6.31490e-06
2.73719e-01 5.98025e-06
2.76451e-01 5.66137e-06
2.79183e-01 5.35762e-06
2.81915e-01 5.06838e-06
2.84647e-01 4.79305e-06
2.87379e-01 4.53108e-06
2.90111e-01 4.28189e-06
2.92843e-01 4.04495e-06
2.95575e-01 3.81975e-06
2.98307e-01 3.60577e-06
3.01039e-01 3.40253e-06
3.03771e-01 3.20958e-06
3.06503e-01 3.02644e-06
3.09235e-01 2.85270e-06
3.11967e-01 2.68792e-06
3.14699e-01 2.53171e-06
3.17431e-01 2.38368e-06
3.20163e-01 2.24346e-06
3.22894e-01 2.11067e-06
3.25626e-01 1.98499e-06
3.28358e-01 1.86607e-06
3.31090e-01 1.75361e-06
3.33822e-01 1.64728e-06
3.36554e-01 1.54680e-06
3.39286e-01 1.45189e-06
3.42018e-01 1.36227e-06
3.44750e-01 1.27768e-06
3.47482e-01 1.19788e-06
3.50214e-01 1.12263e-06
3.52946e-01 1.05170e-06
3.55678e-01 9.84869e-07
3.58410e-01 9.21926e-07
3.61142e-01 8.62674e-07
3.63874e-01 8.06919e-07
3.66606e-01 7.54478e-07
3.69338e-01 7.05176e-07
3.72070e-01 6.58845e-07
3.74802e-01 6.15326e-07
3.77534e-01 5.74464e-07
3.80266e-01 5.36115e-07
3.82998e-01 5.00140e-07
3.85729e-01 4.66406e-07
3.88461e-01 4.34787e-07
3.91193e-01 4.05163e-07
3.93925e-01 3.77420e-07
3.96657e-01 3.51449e-07
3.99389e-01 3.27147e-07
4.02121e-01 3.04417e-07
4.04853e-01 2.83166e-07
4.07585e-01 2.63304e-07
4.10317e-01 2.44750e-07
4.13049e-01 2.27424e-07
4.15781e-01 2.11251e-07
4.18513e-01 1.96160e-07
4.21245e-01 1.82085e-07
4.23977e-01 1.68963e-07
4.26709e-01 1.56733e-07
4.29441e-01 1.45339e-07
4.32173e-01 1.34729e-07
4.34905e-01 1.24851e-07
4.37637e-01 1.15660e-07
4.40369e-01 1.07111e-07
4.43101e-01 9.91615e-08
4.45833e-01 9.17726e-08
4.48564e-01 8.49074e-08
4.51296e-01 7.85310e-08
4.54028e-01 7.26109e-08
4.56760e-01 6.71164e-08
4.59492e-01 6.20189e-08
4.62224e-01 5.72913e-08
4.64956e-01 5.29083e-08
4.67688e-01 4.88463e-08
4.70420e-01 4.50831e-08
4.73152e-01 4.15980e-08
4.75884e-01 3.83715e-08
4.78616e-01 3.53854e-08
4.81348e-01 3.26227e-08
4.84080e-01 3.00677e-08
4.86812e-01 2.77053e-08
4.89544e-01 2.55219e-08
4.92276e-01 2.35045e-08
4.95008e-01 2.16410e-08
4.97740e-01 1.99202e-08
5.00472e-01 1.83318e-08
5.03204e-01 1.68658e-08
5.05936e-01 1.55134e-08
5.08668e-01 1.42660e-08
5.11400e-01 1.31158e-08
5.14131e-01 1.20555e-08
5.16863e-01 1.10783e-08
5.19595e-01 1.01780e-08
5.22327e-01 9.34876e-09
5.25059e-01 8.58510e-09
5.27791e-01 7.88205e-09
5.30523e-01 7.23494e-09
5.33255e-01 6.63945e-09
5.35987e-01 6.09161e-09
5.38719e-01 5.58772e-09
5.41451e-01 5.12435e-09
5.44183e-01 4.69834e-09
5.46915e-01 4.30676e-09
5.49647e-01 3.94692e-09
5.52379e-01 3.61630e-09
5.55111e-01 3.31261e-09
5.57843e-01 3.03371e-09
5.60575e-01 2.77763e-09
5.63307e-01 2.54256e-09
5.66039e-01 2.32682e-09
5.68771e-01 2.12885e-09
5.71503e-01 1.94725e-09
5.74235e-01 1.78069e-09
5.76966e-01 1.62795e-09
5.79698e-01 1.48793e-09
5.82430e-01 1.35959e-09
5.85162e-01 1.24199e-09
5.87894e-01 1.13426e-09
5.90626e-01 1.03558e-09
5.93358e-01 9.45217e-10
5.96090e-01 8.62495e-10
5.98822e-01 7.86785e-10
6.01554e-01 7.17510e-10
6.04286e-01 6.54139e-10
6.07018e-01 5.96184e-10
6.09750e-01 5.43196e-10
6.12482e-01 4.94764e-10
6.15214e-01 4.50507e-10
6.17946e-01 4.10077e-10
6.20678e-01 3.73154e-10
6.23410e-01 3.39444e-10
6.26142e-01 3.08676e-10
6.28874e-01 2.80602e-10
6.31606e-01 2.54993e-10
6.34338e-01 2.31642e-10
6.37070e-01 2.10355e-10
6.39801e-01 1.90957e-10
6.42533e-01 1.73285e-10
6.45265e-01 1.57191e-10
6.47997e-01 1.42540e-10
6.50729e-01 1.29207e-10
6.53461e-01 1.17077e-10
6.56193e-01 1.06046e-10
6.58925e-01 9.60170e-11
6.61657e-01 8.69034e-11
6.64389e-01 7.86241e-11
6.67121e-01 7.11058e-11
6.69853e-01 6.42809e-11
6.72585e-01 5.80878e-11
6.75317e-01 5.24703e-11
6.78049e-01 4.73767e-11
6.80781e-01 4.27600e-11
6.83513e-01 3.85772e-11
6.86245e-01 3.47890e-11
6.88977e-01 3.13596e-11
6.91709e-01 2.82562e-11
6.94441e-01 2.54490e-11
6.97173e-01 2.29107e-11
6.99905e-01 2.06165e-11
7.02636e-01 1.85439e-11
7.05368e-01 1.66721e-11
7.08100e-01 1.49825e-11
7.10832e-01 1.34579e-11
7.13564e-01 1.20829e-11
7.16296e-01 1.08432e-11
7.19028e-01 9.72611e-12
7.21760e-01 8.71987e-12
7.24492e-01 7.81389e-12
7.27224e-01 6.99856e-12
7.29956e-01 6.26512e-12
7.32688e-01 5.60566e-12
7.35420e-01 5.01298e-12
7.38152e-01 4.48057e-12
7.40884e-01 4.00251e-12
7.43616e-01 3.57348e-12
7.46348e-01 3.18861e-12
7.49080e-01 2.84354e-12
7.51812e-01 2.53431e-12
7.54544e-01 2.25733e-12
7.57276e-01 2.00936e-12
7.60008e-01 1.78748e-12
7.62740e-01 1.58905e-12
7.65471e-01 1.41170e-12
7.68203e-01 1.25326e-12
7.70935e-01 1.11180e-12
7.73667e-01 9.85583e-13
7.76399e-01 8.73025e-13
7.79131e-01 7.72710e-13
7.81863e-01 6.83365e-13
7.84595e-01 6.03840e-13
7.87327e-01 5.33103e-13
7.90059e-01 4.70228e-13
7.92791e-01 4.14379e-13
7.95523e-01 3.64807e-13
7.98255e-01 3.20842e-13
8.00987e-01 2.81879e-13
8.03719e-01 2.47377e-13
8.06451e-01 2.16851e-13
8.09183e-01 1.89867e-13
8.11915e-01 1.66035e-13
8.14647e-01 1.45007e-13
8.17379e-01 1.26472e-13
8.20111e-01 1.10150e-13
8.22843e-01 9.57930e-14
8.25575e-01 8.31783e-14
8.28306e-01 7.21073e-14
8.31038e-01 6.24029e-14
8.33770e-01 5.39073e-14
8.36502e-01 4.64798e-14
8.39234e-01 3.99953e-14
8.41966e-01 3.43423e-14
8.44698e-01 2.94218e-14
8.47430e-01 2.51460e-14
8.50162e-01 2.14367e-14
8.52894e-01 1.82248e-14
8.55626e-01 1.54489e-14
8.58358e-01 1.30548e-14
8.61090e-01 1.09945e-14
8.63822e-01 9.22551e-15
8.66554e-01 7.71055e-15
8.69286e-01 6.41659e-15
8.72018e-01 5.31461e-15
8.74750e-01 4.37908e-15
8.77482e-01 3.58758e-15
8.80214e-01 2.92046e-15
8.82946e-01 2.36048e-15
8.85678e-01 1.89260e-15
8.88410e-01 1.50366e-15
8.91141e-01 1.18220e-15
8.93873e-01 9.18258e-16
8.96605e-01 7.03163e-16
8.99337e-01 5.29409e-16
9.02069e-01 3.90500e-16
9.04801e-01 2.80830e-16
9.07533e-01 1.95572e-16
9.10265e-01 1.30580e-16
9.12997e-01 8.23031e-17
9.15729e-01 4.77097e-17
9.18461e-01 2.42195e-17
9.21193e-01 9.64438e-18
9.23925e-01 2.13649e-18
9.26657e-01 1.42087e-19
9.29389e-01 2.36134e-18
9.32121e-01 7.71302e-18
9.34853e-01 1.53037e-17
9.37585e-01 2.44005e-17
9.40317e-01 3.44080e-17
9.43049e-01 4.48475e-17
9.45781e-01 5.53390e-17
9.48513e-01 6.55863e-17
9.51245e-01 7.53633e-17
9.53976e-01 8.45023e-17
9.56708e-01 9.28845e-17
9.59440e-01 1.00431e-16
9.62172e-01 1.07097e-16
9.64904e-01 1.12862e-16
9.67636e-01 1.17729e-16
9.70368e-01 1.21717e-16
9.73100e-01 1.24856e-16
9.75832e-01 1.27190e-16
9.78564e-01 1.28765e-16
9.81296e-01 1.29637e-16
9.84028e-01 1.29861e-16
9.86760e-01 1.29495e-16
9.89492e-01 1.28596e-16
9.92224e-01 1.27224e-16
9.94956e-01 1.25432e-16
9.97688e-01 1.23276e-16
1.00042e+00 1.20805e-16
1.00315e+00 1.18069e-16
1.00588e+00 1.15112e-16
1.00862e+00 1.11976e-16
1.01135e+00 1.08700e-16
1.01408e+00 1.05319e-16
1.01681e+00 1.01865e-16
1.01954e+00 9.83674e-17
1.02228e+00 9.48512e-17
1.02501e+00 9.13397e-17
1.02774e+00 8.78531e-17
1.03047e+00 8.44088e-17
1.03320e+00 8.10222e-17
1.03594e+00 7.77060e-17
1.03867e+00 7.44712e-17
1.04140e+00 7.13268e-17
1.04413e+00 6.82800e-17
1.04686e+00 6.53365e-17
1.04959e+00 6.25008e-17
1.05233e+00 5.97759e-17
1.05506e+00 5.71637e-17
1.05779e+00 5.46654e-17
1.06052e+00 5.22811e-17
1.06325e+00 5.00102e-17
1.06599e+00 4.78516e-17
1.06872e+00 4.58035e-17
1.07145e+00 4.38637e-17
1.07418e+00 4.20296e-17
1.07691e+00 4.02984e-17
1.07965e+00 3.86670e-17
1.08238e+00 3.71321e-17
1.08511e+00 3.56900e-17
1.08784e+00 3.43374e-17
1.09057e+00 3.30706e-17
1.09331e+00 3.18857e-17
1.09604e+00 3.07793e-17
1.09877e+00 2.97475e-17
1.10150e+00 2.87867e-17
1.10423e+00 2.78933e-17
1.10697e+00 2.70638e-17
1.10970e+00 2.62946e-17
1.11243e+00 2.55824e-17
1.11516e+00 2.49239e-17
1.11789e+00 2.43158e-17
1.12063e+00 2.37551e-17
1.12336e+00 2.32388e-17
1.12609e+00 2.27639e-17
1.12882e+00 2.23278e-17
1.13155e+00 2.19277e-17
1.13429e+00 2.15611e-17
1.13702e+00 2.12256e-17
1.13975e+00 2.09189e-17
1.14248e+00 2.06389e-17
1.14521e+00 2.03834e-17
1.14795e+00 2.01505e-17
1.15068e+00 1.99383e-17
1.15341e+00 1.97452e-17
1.15614e+00 1.95696e-17
1.15887e+00 1.94099e-17
1.16161e+00 1.92646e-17
1.16434e+00 1.91327e-17
1.16707e+00 1.90127e-17
1.16980e+00 1.89036e-17
1.17253e+00 1.88045e-17
1.17526e+00 1.87142e-17
1.17800e+00 1.86320e-17
1.18073e+00 1.85571e-17
1.18346e+00 1.84888e-17
1.18619e+00 1.84263e-17
1.18892e+00 1.83692e-17
1.19166e+00 1.83168e-17
1.19439e+00 1.82686e-17
1.19712e+00 1.82243e-17
1.19985e+00 1.81833e-17
1.20258e+00 1.81454e-17
1.20532e+00 1.81102e-17
1.20805e+00 1.80774e-17
1.21078e+00 1.80467e-17
1.21351e+00 1.80178e-17
1.21624e+00 1.79905e-17
1.21898e+00 1.79647e-17
1.22171e+00 1.79400e-17
1.22444e+00 1.79164e-17
1.22717e+00 1.78936e-17
1.22990e+00 1.78715e-17
1.23264e+00 1.78499e-17
1.23537e+00 1.78288e-17
1.23810e+00 1.78080e-17
1.24083e+00 1.77873e-17
1.24356e+00 1.77667e-17
1.24630e+00 1.77462e-17
1.24903e+00 1.77255e-17
1.25176e+00 1.77046e-17
1.25449e+00 1.76836e-17
1.25722e+00 1.76622e-17
1.25996e+00 1.76405e-17
1.26269e+00 1.76184e-17
1.26542e+00 1.75959e-17
1.26815e+00 1.75729e-17
1.27088e+00 1.75496e-17
1.27362e+00 1.75257e-17
1.27635e+00 1.75014e-17
1.27908e+00 1.74766e-17
1.28181e+00 1.74514e-17
1.28454e+00 1.74258e-17
1.28728e+00 1.73998e-17
1.29001e+00 1.73733e-17
1.29274e+00 1.73466e-17
1.29547e+00 1.73194e-17
1.29820e+00 1.72920e-17
1.30093e+00 1.72643e-17
1.30367e+00 1.72364e-17
1.30640e+00 1.72083e-17
1.30913e+00 1.71800e-17
1.31186e+00 1.71516e-17
1.31459e+00 1.71230e-17
1.31733e+00 1.70944e-17
1.32006e+00 1.70656e-17
1.32279e+00 1.70369e-17
1.32552e+00 1.70080e-17
1.32825e+00 1.69792e-17
1.33099e+00 1.69503e-17
1.33372e+00 1.69215e-17
1.33645e+00 1.68926e-17
1.33918e+00 1.68637e-17
1.34191e+00 1.68348e-17
1.34465e+00 1.68059e-17
1.34738e+00 1.67770e-17
1.35011e+00 1.67480e-17
1.35284e+00 1.67191e-17
1.35557e+00 1.66901e-17
1.35831e+00 1.66610e-17
1.36104e+00 1.66320e-17
1.36377e+00 1.66028e-17
1.36650e+00 1.65736e-17
1.36923e+00 1.65444e-17
1.37197e+00 1.65150e-17
1.37470e+00 1.64856e-17
1.37743e+00 1.64562e-17
1.38016e+00 1.64266e-17
1.38289e+00 1.63970e-17
1.38563e+00 1.63674e-17
1.38836e+00 1.63377e-17
1.39109e+00 1.63079e-17
1.39382e+00 1.62781e-17
1.39655e+00 1.62483e-17
1.39929e+00 1.62185e-17
1.40202e+00 1.61887e-17
1.40475e+00 1.61589e-17
1.40748e+00 1.61291e-17
1.41021e+00 1.60994e-17
1.41295e+00 1.60697e-17
1.41568e+00 1.60401e-17
1.41841e+00 1.60106e-17
1.42114e+00 1.59812e-17
1.42387e+00 1.59519e-17
1.42660e+00 1.59228e-17
1.42934e+00 1.58937e-17
1.43207e+00 1.58648e-17
1.43480e+00 1.58360e-17
1.43753e+00 1.58074e-17
1.44026e+00 1.57789e-17
1.44300e+00 1.57505e-17
1.44573e+00 1.57223e-17
1.44846e+00 1.56942e-17
1.45119e+00 1.56662e-17
1.45392e+00 1.56384e-17
1.45666e+00 1.56107e-17
1.45939e+00 1.55831e-17
1.46212e+00 1.55556e-17
1.46485e+00 1.55282e-17
1.46758e+00 1.55008e-17
1.47032e+00 1.54736e-17
1.47305e+00 1.54464e-17
1.47578e+00 1.54192e-17
1.47851e+00 1.53921e-17
1.48124e+00 1.53651e-17
1.48398e+00 1.53381e-17
1.48671e+00 1.53111e-17
1.48944e+00 1.52841e-17
1.49217e+00 1.52572e-17
1.49490e+00 1.52303e-17
1.49764e+00 1.52034e-17
1.50037e+00 1.51766e-17
1.50310e+00 1.51498e-17
1.50583e+00 1.51230e-17
1.50856e+00 1.50962e-17
1.51130e+00 1.50695e-17
1.51403e+00 1.50428e-17
1.51676e+00 1.50162e-17
1.51949e+00 1.49897e-17
1.52222e+00 1.49632e-17
1.52496e+00 1.49368e-17
1.52769e+00 1.49105e-17
1.53042e+00 1.48842e-17
1.53315e+00 1.48581e-17
1.53588e+00 1.48320e-17
1.53862e+00 1.48060e-17
1.54135e+00 1.47801e-17
1.54408e+00 1.47543e-17
1.54681e+00 1.47286e-17
1.54954e+00 1.47030e-17
1.55228e+00 1.46775e-17
1.55501e+00 1.46520e-17
1.55774e+00 1.46267e-17
1.56047e+00 1.46015e-17
1.56320e+00 1.45764e-17
1.56593e+00 1.45514e-17
1.56867e+00 1.45265e-17
1.57140e+00 1.45018e-17
1.57413e+00 1.44771e-17
1.57686e+00 1.44526e-17
1.57959e+00 1.44282e-17
1.58233e+00 1.44040e-17
1.58506e+00 1.43798e-17
1.58779e+00 1.43558e-17
1.59052e+00 1.43319e-17
1.59325e+00 1.43081e-17
1.59599e+00 1.42845e-17
1.59872e+00 1.42609e-17
1.60145e+00 1.42375e-17
1.60418e+00 1.42143e-17
1.60691e+00 1.41911e-17
1.60965e+00 1.41681e-17
1.61238e+00 1.41452e-17
1.61511e+00 1.41224e-17
1.61784e+00 1.40998e-17
1.62057e+00 1.40772e-17
1.62331e+00 1.40548e-17
1.62604e+00 1.40325e-17
1.62877e+00 1.40103e-17
1.63150e+00 1.39882e-17
1.63423e+00 1.39662e-17
1.63697e+00 1.39443e-17
1.63970e+00 1.39225e-17
1.64243e+00 1.39008e-17
1.64516e+00 1.38791e-17
1.64789e+00 1.38576e-17
1.65063e+00 1.38361e-17
1.65336e+00 1.38148e-17
1.65609e+00 1.37935e-17
1.65882e+00 1.37722e-17
1.66155e+00 1.37510e-17
1.66429e+00 1.37299e-17
1.66702e+00 1.37089e-17
1.66975e+00 1.36878e-17
1.67248e+00 1.36669e-17
1.67521e+00 1.36460e-17
1.67795e+00 1.36251e-17
1.68068e+00 1.36042e-17
1.68341e+00 1.35834e-17
1.68614e+00 1.35626e-17
1.68887e+00 1.35418e-17
1.69160e+00 1.35211e-17
1.69434e+00 1.35003e-17
1.69707e+00 1.34796e-17
1.69980e+00 1.34589e-17
1.70253e+00 1.34382e-17
1.70526e+00 1.34175e-17
1.70800e+00 1.33967e-17
1.71073e+00 1.33760e-17
1.71346e+00 1.33553e-17
1.71619e+00 1.33346e-17
1.71892e+00 1.33139e-17
1.72166e+00 1.32931e-17
1.72439e+00 1.32724e-17
1.72712e+00 1.32516e-17
1.72985e+00 1.32308e-17
1.73258e+00 1.32101e-17
1.73532e+00 1.31893e-17
1.73805e+00 1.31685e-17
1.74078e+00 1.31477e-17
1.74351e+00 1.31268e-17
1.74624e+00 1.31060e-17
1.74898e+00 1.30852e-17
1.75171e+00 1.30644e-17
1.75444e+00 1.30435e-17
1.75717e+00 1.30227e-17
1.75990e+00 1.30018e-17
1.76264e+00 1.29810e-17
1.76537e+00 1.29602e-17
1.76810e+00 1.29394e-17
1.77083e+00 1.29186e-17
1.77356e+00 1.28978e-17
1.77630e+00 1.28771e-17
1.77903e+00 1.28564e-17
1.78176e+00 1.28357e-17
1.78449e+00 1.28150e-17
1.78722e+00 1.27944e-17
1.78996e+00 1.27738e-17
1.79269e+00 1.27533e-17
1.79542e+00 1.27328e-17
1.79815e+00 1.27124e-17
1.80088e+00 1.26921e-17
1.80362e+00 1.26718e-17
1.80635e+00 1.26516e-17
1.80908e+00 1.26314e-17
1.81181e+00 1.26114e-17
1.81454e+00 1.25914e-17
1.81727e+00 1.25715e-17
1.82001e+00 1.25518e-17
1.82274e+00 1.25321e-17
1.82547e+00 1.25125e-17
1.82820e+00 1.24930e-17
1.83093e+00 1.24736e-17
1.83367e+00 1.24544e-17
1.83640e+00 1.24353e-17
1.83913e+00 1.24163e-17
1.84186e+00 1.23974e-17
1.84459e+00 1.23786e-17
1.84733e+00 1.23600e-17
1.85006e+00 1.23415e-17
1.85279e+00 1.23231e-17
1.85552e+00 1.23049e-17
1.85825e+00 1.22868e-17
1.86099e+00 1.22688e-17
1.86372e+00 1.22510e-17
1.86645e+00 1.22333e-17
1.86918e+00 1.22158e-17
1.87191e+00 1.21984e-17
1.87465e+00 1.21812e-17
1.87738e+00 1.21640e-17
1.88011e+00 1.21471e-17
1.88284e+00 1.21302e-17
1.88557e+00 1.21135e-17
1.88831e+00 1.20969e-17
1.89104e+00 1.20805e-17
1.89377e+00 1.20642e-17
1.89650e+00 1.20480e-17
1.89923e+00 1.20319e-17
1.90197e+00 1.20160e-17
1.90470e+00 1.20001e-17
1.90743e+00 1.19844e-17
1.91016e+00 1.19688e-17
1.91289e+00 1.19533e-17
1.91563e+00 1.19379e-17
1.91836e+00 1.19226e-17
1.92109e+00 1.19074e-17
1.92382e+00 1.18922e-17
1.92655e+00 1.18772e-17
1.92929e+00 1.18622e-17
1.93202e+00 1.18473e-17
1.93475e+00 1.18325e-17
1.93748e+00 1.18177e-17
1.94021e+00 1.18029e-17
1.94294e+00 1.17883e-17
1.94568e+00 1.17736e-17
1.94841e+00 1.17590e-17
1.95114e+00 1.17444e-17
1.95387e+00 1.17299e-17
1.95660e+00 1.17154e-17
1.95934e+00 1.17009e-17
1.96207e+00 1.16864e-17
1.96480e+00 1.16719e-17
1.96753e+00 1.16574e-17
1.97026e+00 1.16429e-17
1.97300e+00 1.16284e-17
1.97573e+00 1.16138e-17
1.97846e+00 1.15993e-17
1.98119e+00 1.15847e-17
1.98392e+00 1.15701e-17
1.98666e+00 1.15555e-17
1.98939e+00 1.15408e-17
1.99212e+00 1.15261e-17
1.99485e+00 1.15114e-17
1.99758e+00 1.14966e-17
2.00032e+00 1.14817e-17
2.00305e+00 1.14668e-17
2.00578e+00 1.14519e-17
2.00851e+00 1.14369e-17
2.01124e+00 1.14219e-17
2.01398e+00 1.14068e-17
2.01671e+00 1.13916e-17
2.01944e+00 1.13764e-17
2.02217e+00 1.13611e-17
2.02490e+00 1.13458e-17
2.02764e+00 1.13304e-17
2.03037e+00 1.13150e-17
2.03310e+00 1.12995e-17
2.03583e+00 1.12840e-17
2.03856e+00 1.12684e-17
2.04130e+00 1.12528e-17
2.04403e+00 1.12371e-17
2.04676e+00 1.12214e-17
2.04949e+00 1.12056e-17
2.05222e+00 1.11898e-17
2.05496e+00 1.11740e-17
2.05769e+00 1.11581e-17
2.06042e+00 1.11422e-17
2.06315e+00 1.11263e-17
2.06588e+00 1.11104e-17
2.06861e+00 1.10944e-17
2.07135e+00 1.10785e-17
2.07408e+00 1.10625e-17
2.07681e+00 1.10466e-17
2.07954e+00 1.10306e-17
2.08227e+00 1.10147e-17
2.08501e+00 1.09988e-17
2.08774e+00 1.09829e-17
2.09047e+00 1.09670e-17
2.09320e+00 1.09512e-17
2.09593e+00 1.09354e-17
2.09867e+00 1.09196e-17
2.10140e+00 1.09039e-17
2.10413e+00 1.08882e-17
2.10686e+00 1.08726e-17
2.10959e+00 1.08571e-17
2.11233e+00 1.08416e-17
2.11506e+00 1.08262e-17
2.11779e+00 1.08108e-17
2.12052e+00 1.07956e-17
2.12325e+00 1.07804e-17
2.12599e+00 1.07654e-17
2.12872e+00 1.07504e-17
2.13145e+00 1.07355e-17
2.13418e+00 1.07207e-17
2.13691e+00 1.07060e-17
2.13965e+00 1.06915e-17
2.14238e+00 1.06770e-17
2.14511e+00 1.06627e-17
2.14784e+00 1.06484e-17
2.15057e+00 1.06343e-17
2.15331e+00 1.06203e-17
2.15604e+00 1.06065e-17
2.15877e+00 1.05927e-17
2.16150e+00 1.05791e-17
2.16423e+00 1.05656e-17
2.16697e+00 1.05522e-17
2.16970e+00 1.05389e-17
2.17243e+00 1.05258e-17
2.17516e+00 1.05128e-17
2.17789e+00 1.04999e-17
2.18063e+00 1.04871e-17
2.18336e+00 1.04745e-17
2.18609e+00 1.04620e-17
2.18882e+00 1.04496e-17
2.19155e+00 1.04373e-17
2.19428e+00 1.04251e-17
2.19702e+00 1.04130e-17
2.19975e+00 1.04010e-17
2.20248e+00 1.03892e-17
2.20521e+00 1.03774e-17
2.20794e+00 1.03657e-17
2.21068e+00 1.03541e-17
2.21341e+00 1.03426e-17
2.21614e+00 1.03312e-17
2.21887e+00 1.03199e-17
2.22160e+00 1.03086e-17
2.22434e+00 1.02975e-17
2.22707e+00 1.02863e-17
2.22980e+00 1.02753e-17
2.23253e+00 1.02643e-17
2.23526e+00 1.02533e-17
2.23800e+00 1.02424e-17
2.24073e+00 1.02315e-17
2.24346e+00 1.02207e-17
2.24619e+00 1.02099e-17
2.24892e+00 1.01991e-17
2.25166e+00 1.01884e-17
2.25439e+00 1.01776e-17
2.25712e+00 1.01669e-17
2.25985e+00 1.01562e-17
2.26258e+00 1.01454e-17
2.26532e+00 1.01347e-17
2.26805e+00 1.01240e-17
2.27078e+00 1.01132e-17
2.27351e+00 1.01025e-17
2.27624e+00 1.00917e-17
2.27898e+00 1.00809e-17
2.28171e+00 1.00701e-17
2.28444e+00 1.00592e-17
2.28717e+00 1.00483e-17
2.28990e+00 1.00374e-17
2.29264e+00 1.00264e-17
2.29537e+00 1.00154e-17
2.29810e+00 1.00043e-17
2.30083e+00 9.99322e-18
2.30356e+00 9.98206e-18
2.30630e+00 9.97086e-18
2.30903e+00 9.95961e-18
2.31176e+00 9.94831e-18
2.31449e+00 9.93695e-18
2.31722e+00 9.92554e-18
2.31995e+00 9.91408e-18
2.32269e+00 9.90256e-18
2.32542e+00 9.89100e-18
2.32815e+00 9.87938e-18
2.33088e+00 9.86771e-18
2.33361e+00 9.85599e-18
2.33635e+00 9.84422e-18
2.33908e+00 9.83240e-18
2.34181e+00 9.82054e-18
2.34454e+00 9.80864e-18
2.34727e+00 9.79669e-18
2.35001e+00 9.78471e-18
2.35274e+00 9.77269e-18
2.35547e+00 9.76064e-18
2.35820e+00 9.74856e-18
2.36093e+00 9.73645e-18
2.36367e+00 9.72432e-18
2.36640e+00 9.71217e-18
2.36913e+00 9.70000e-18
2.37186e+00 9.68782e-18
2.37459e+00 9.67564e-18
2.37733e+00 9.66344e-18
2.38006e+00 9.65125e-18
2.38279e+00 9.63906e-18
2.38552e+00 9.62688e-18
2.38825e+00 9.61471e-18
2.39099e+00 9.60255e-18
2.39372e+00 9.59042e-18
2.39645e+00 9.57830e-18
2.39918e+00 9.56622e-18
2.40191e+00 9.55417e-18
2.40465e+00 9.54215e-18
2.40738e+00 9.53017e-18
2.41011e+00 9.51824e-18
2.41284e+00 9.50635e-18
2.41557e+00 9.49451e-18
2.41831e+00 9.48273e-18
2.42104e+00 9.47101e-18
2.42377e+00 9.45934e-18
2.42650e+00 9.44774e-18
2.42923e+00 9.43621e-18
2.43197e+00 9.42475e-18
2.43470e+00 9.41335e-18
2.43743e+00 9.40204e-18
2.44016e+00 9.39079e-18
2.44289e+00 9.37963e-18
2.44562e+00 9.36855e-18
2.44836e+00 9.35754e-18
2.45109e+00 9.34662e-18
2.45382e+00 9.33579e-18
2.45655e+00 9.32504e-18
2.45928e+00 9.31437e-18
2.46202e+00 9.30379e-18
2.46475e+00 9.29330e-18
2.46748e+00 9.28289e-18
2.47021e+00 9.27257e-18
2.47294e+00 9.26234e-18
2.47568e+00 9.25219e-18
2.47841e+00 9.24212e-18
2.48114e+00 9.23214e-18
2.48387e+00 9.22223e-18
2.48660e+00 9.21241e-18
2.48934e+00 9.20267e-18
2.49207e+00 9.19300e-18
2.49480e+00 9.18341e-18
2.49753e+00 9.17389e-18
2.50026e+00 9.16444e-18
2.50300e+00 9.15506e-18
2.50573e+00 9.14575e-18
2.50846e+00 9.13650e-18
2.51119e+00 9.12731e-18
2.51392e+00 9.11817e-18
2.51666e+00 9.10909e-18
2.51939e+00 9.10006e-18
2.52212e+00 9.09108e-18
2.52485e+00 9.08214e-18
2.52758e+00 9.07324e-18
2.53032e+00 9.06438e-18
2.53305e+00 9.05556e-18
2.53578e+00 9.04677e-18
2.53851e+00 9.03800e-18
2.54124e+00 9.02926e-18
2.54398e+00 9.02055e-18
2.54671e+00 9.01185e-18
2.54944e+00 9.00316e-18
2.55217e+00 8.99449e-18
2.55490e+00 8.98583e-18
2.55764e+00 8.97717e-18
2.56037e+00 8.96851e-18
2.56310e+00 8.95986e-18
2.56583e+00 8.95120e-18
2.56856e+00 8.94254e-18
2.57129e+00 8.93387e-18
2.57403e+00 8.92519e-18
2.57676e+00 8.91650e-18
2.57949e+00 8.90780e-18
2.58222e+00 8.89907e-18
2.58495e+00 8.89033e-18
2.58769e+00 8.88158e-18
2.59042e+00 8.87280e-18
2.59315e+00 8.86399e-18
2.59588e+00 8.85517e-18
2.59861e+00 8.84632e-18
2.60135e+00 8.83745e-18
2.60408e+00 8.82855e-18
2.60681e+00 8.81962e-18
2.60954e+00 8.81067e-18
2.61227e+00 8.80169e-18
2.61501e+00 8.79269e-18
2.61774e+00 8.78366e-18
2.62047e+00 8.77460e-18
2.62320e+00 8.76552e-18
2.62593e+00 8.75642e-18
2.62867e+00 8.74729e-18
2.63140e+00 8.73813e-18
2.63413e+00 8.72896e-18
2.63686e+00 8.71977e-18
2.63959e+00 8.71055e-18
2.64233e+00 8.70132e-18
2.64506e+00 8.69208e-18
2.64779e+00 8.68281e-18
2.65052e+00 8.67354e-18
2.65325e+00 8.66426e-18
2.65599e+00 8.65496e-18
2.65872e+00 8.64566e-18
2.66145e+00 8.63636e-18
2.66418e+00 8.62705e-18
2.66691e+00 8.61774e-18
2.66965e+00 8.60843e-18
2.67238e+00 8.59913e-18
2.67511e+00 8.58983e-18
2.67784e+00 8.58054e-18
2.68057e+00 8.57126e-18
2.68331e+00 8.56199e-18
2.68604e+00 8.55273e-18
2.68877e+00 8.54349e-18
2.69150e+00 8.53427e-18
2.69423e+00 8.52507e-18
2.69696e+00 8.51590e-18
2.69970e+00 8.50674e-18
2.70243e+00 8.49762e-18
2.70516e+00 8.48852e-18
2.70789e+00 8.47945e-18
2.71062e+00 8.47041e-18
2.71336e+00 8.46141e-18
2.71609e+00 8.45243e-18
2.71882e+00 8.44350e-18
2.72155e+00 8.43460e-18
2.72428e+00 8.42573e-18
