4.908738521234051744e-02 9.862321130793616248e+02
1.040185067594834867e-01 4.745782947749141840e+02
1.589496283066264559e-01 6.028191141694587714e+02
2.138807498537693974e-01 5.674524015856271717e+02
2.688118714009123389e-01 6.133638784203060368e+02
3.237429929480553081e-01 6.652363833579822767e+02
3.786741144951982774e-01 6.727358409218793440e+02
4.336052360423412466e-01 5.936094498780176991e+02
4.885363575894842159e-01 5.166697678995834622e+02
5.434674791366271851e-01 4.305452757384595088e+02
5.983986006837700433e-01 3.927008063062538099e+02
6.533297222309131236e-01 3.841690513887457428e+02
7.082608437780559818e-01 3.980891364590282251e+02
7.631919653251990621e-01 3.839634294858797148e+02
8.181230868723419203e-01 3.729732563158397625e+02
8.730542084194850005e-01 3.904407091297507009e+02
9.279853299666278588e-01 3.678372853552081665e+02
9.829164515137709390e-01 3.545494684456440382e+02
1.037847573060913797e+00 3.334256700179501536e+02
1.092778694608056878e+00 3.234067747467844924e+02
1.147709816155199736e+00 3.235730521378874300e+02
1.202640937702342816e+00 3.307594346968397758e+02
1.257572059249485674e+00 3.348741214559266837e+02
1.312503180796628754e+00 3.299919371969789950e+02
1.367434302343771613e+00 3.162332641823759900e+02
1.422365423890914693e+00 2.997090087097625997e+02
1.477296545438057551e+00 2.877763093381226440e+02
1.532227666985200631e+00 2.833004842490825581e+02
1.587158788532343490e+00 2.827943628697076406e+02
1.642089910079486570e+00 2.866118329738748685e+02
1.697021031626629428e+00 2.922279150311417197e+02
1.751952153173772508e+00 2.792753643626314215e+02
1.806883274720915367e+00 2.653456655864941354e+02
1.861814396268058225e+00 2.622045658708264568e+02
1.916745517815201305e+00 2.596351005712806455e+02
1.971676639362344163e+00 2.600570023519381948e+02
2.026607760909487244e+00 2.517174921453489276e+02
2.081538882456630102e+00 2.591208975942493566e+02
2.136470004003772960e+00 2.279020036265118563e+02
2.191401125550915818e+00 1.824629130611443486e+02
2.246332247098058676e+00 1.112369434196317286e+02
2.301263368645201979e+00 1.637768260220256877e+02
2.356194490192344837e+00 3.247965858219104121e+02
