5.0000e-06 3.4839e-24 8.8865e-17 1.5915e+02
5.1048e-06 3.4813e-24 9.1673e-17 1.4955e+02
5.2118e-06 3.4788e-24 9.4571e-17 1.4053e+02
5.3210e-06 3.4763e-24 9.7560e-17 1.3205e+02
5.4326e-06 3.4737e-24 1.0064e-16 1.2408e+02
5.5464e-06 3.4712e-24 1.0382e-16 1.1660e+02
5.6627e-06 3.4687e-24 1.0711e-16 1.0956e+02
5.7814e-06 3.4661e-24 1.1049e-16 1.0295e+02
5.9026e-06 3.4636e-24 1.1398e-16 9.6740e+01
6.0263e-06 3.4611e-24 1.1758e-16 9.0903e+01
6.1526e-06 3.4586e-24 1.2130e-16 8.5418e+01
6.2816e-06 3.4561e-24 1.2513e-16 8.0264e+01
6.4132e-06 3.4536e-24 1.2909e-16 7.5422e+01
6.5477e-06 3.4510e-24 1.3317e-16 7.0871e+01
6.6849e-06 3.4485e-24 1.3738e-16 6.6595e+01
6.8250e-06 3.4460e-24 1.4172e-16 6.2577e+01
6.9681e-06 3.4435e-24 1.4620e-16 5.8801e+01
7.1142e-06 6.2265e-01 6.4156e-05 5.5254e+01
7.2633e-06 6.3524e-01 6.6874e-05 5.1920e+01
7.4155e-06 6.4809e-01 6.9707e-05 4.8787e+01
7.5709e-06 6.6119e-01 7.2660e-05 4.5844e+01
7.7296e-06 6.7456e-01 7.5738e-05 4.3078e+01
7.8917e-06 6.8819e-01 7.8946e-05 4.0479e+01
8.0571e-06 7.0211e-01 8.2290e-05 3.8036e+01
8.2260e-06 7.1630e-01 8.5776e-05 3.5741e+01
8.3984e-06 7.3078e-01 8.9410e-05 3.3585e+01
8.5744e-06 7.4556e-01 9.3197e-05 3.1559e+01
8.7541e-06 7.6063e-01 9.7145e-05 2.9654e+01
8.9376e-06 7.7601e-01 1.0126e-04 2.7865e+01
9.1250e-06 7.9170e-01 1.0555e-04 2.6184e+01
9.3162e-06 8.0770e-01 1.1002e-04 2.4604e+01
9.5115e-06 8.2403e-01 1.1468e-04 2.3120e+01
9.7109e-06 8.4069e-01 1.1954e-04 2.1725e+01
9.9144e-06 8.5769e-01 1.2460e-04 2.0414e+01
1.0122e-05 8.7503e-01 1.2988e-04 1.9182e+01
1.0334e-05 8.9272e-01 1.3538e-04 1.8025e+01
1.0551e-05 9.1077e-01 1.4112e-04 1.6937e+01
1.0772e-05 9.2918e-01 1.4710e-04 1.5915e+01
1.0998e-05 9.4797e-01 1.5333e-04 1.4955e+01
1.1228e-05 9.6713e-01 1.5982e-04 1.4053e+01
1.1464e-05 9.8669e-01 1.6659e-04 1.3205e+01
1.1704e-05 1.0066e+00 1.7365e-04 1.2408e+01
1.1949e-05 1.0270e+00 1.8100e-04 1.1660e+01
1.2200e-05 1.0477e+00 1.8867e-04 1.0956e+01
1.2456e-05 1.0689e+00 1.9666e-04 1.0295e+01
1.2717e-05 1.0905e+00 2.0500e-04 9.6740e+00
1.2983e-05 1.1126e+00 2.1368e-04 9.0903e+00
1.3255e-05 1.1351e+00 2.2273e-04 8.5418e+00
1.3533e-05 1.1580e+00 2.3217e-04 8.0264e+00
1.3817e-05 1.1814e+00 2.4200e-04 7.5422e+00
1.4107e-05 1.2053e+00 2.5225e-04 7.0871e+00
1.4402e-05 1.2297e+00 2.6294e-04 6.6595e+00
1.4704e-05 1.2546e+00 2.7407e-04 6.2577e+00
1.5012e-05 1.2799e+00 2.8568e-04 5.8801e+00
1.5327e-05 1.3058e+00 2.9779e-04 5.5254e+00
1.5648e-05 1.3322e+00 3.1040e-04 5.1920e+00
1.5976e-05 1.3591e+00 3.2355e-04 4.8787e+00
1.6311e-05 1.3866e+00 3.3726e-04 4.5844e+00
1.6653e-05 1.4146e+00 3.5154e-04 4.3078e+00
1.7002e-05 1.4432e+00 3.6643e-04 4.0479e+00
1.7358e-05 1.4724e+00 3.8196e-04 3.8036e+00
1.7722e-05 1.5022e+00 3.9813e-04 3.5741e+00
1.8094e-05 1.5326e+00 4.1500e-04 3.3585e+00
1.8473e-05 1.5635e+00 4.3258e-04 3.1559e+00
1.8860e-05 1.5951e+00 4.5090e-04 2.9654e+00
1.9256e-05 1.6274e+00 4.7000e-04 2.7865e+00
1.9659e-05 1.6603e+00 4.8991e-04 2.6184e+00
2.0071e-05 1.6939e+00 5.1067e-04 2.4604e+00
2.0492e-05 1.7281e+00 5.3230e-04 2.3120e+00
2.0921e-05 1.7630e+00 5.5485e-04 2.1725e+00
2.1360e-05 1.7987e+00 5.7835e-04 2.0414e+00
2.1808e-05 1.8350e+00 6.0285e-04 1.9182e+00
2.2265e-05 1.8721e+00 6.2839e-04 1.8025e+00
2.2731e-05 1.9100e+00 6.5500e-04 1.6937e+00
2.3208e-05 1.9486e+00 6.8275e-04 1.5915e+00
2.3694e-05 1.9880e+00 7.1167e-04 1.4955e+00
2.4191e-05 2.0282e+00 7.4182e-04 1.4053e+00
2.4698e-05 2.0692e+00 7.7324e-04 1.3205e+00
2.5216e-05 2.1110e+00 8.0600e-04 1.2408e+00
2.5744e-05 2.1537e+00 8.4014e-04 1.1660e+00
2.6284e-05 2.1972e+00 8.7573e-04 1.0956e+00
2.6835e-05 2.2417e+00 9.1282e-04 1.0295e+00
2.7397e-05 2.2870e+00 9.5149e-04 9.6740e-01
2.7972e-05 2.3332e+00 9.9179e-04 9.0903e-01
2.8558e-05 2.3804e+00 1.0338e-03 8.5418e-01
2.9157e-05 2.4285e+00 1.0776e-03 8.0264e-01
2.9768e-05 2.4776e+00 1.1232e-03 7.5422e-01
3.0392e-05 2.5277e+00 1.1708e-03 7.0871e-01
3.1029e-05 2.5788e+00 1.2204e-03 6.6595e-01
3.1679e-05 2.6309e+00 1.2721e-03 6.2577e-01
3.2343e-05 2.6841e+00 1.3260e-03 5.8801e-01
3.3021e-05 2.7383e+00 1.3822e-03 5.5254e-01
3.3713e-05 2.7937e+00 1.4407e-03 5.1920e-01
3.4420e-05 2.8502e+00 1.5017e-03 4.8787e-01
3.5141e-05 2.9078e+00 1.5654e-03 4.5844e-01
3.5878e-05 2.9666e+00 1.6317e-03 4.3078e-01
3.6630e-05 3.0265e+00 1.7008e-03 4.0479e-01
3.7398e-05 3.0877e+00 1.7728e-03 3.8036e-01
3.8181e-05 3.1501e+00 1.8479e-03 3.5741e-01
3.8982e-05 3.2138e+00 1.9262e-03 3.3585e-01
3.9799e-05 3.2788e+00 2.0078e-03 3.1559e-01
4.0633e-05 3.3451e+00 2.0928e-03 2.9654e-01
4.1485e-05 3.4127e+00 2.1815e-03 2.7865e-01
4.2354e-05 3.4817e+00 2.2739e-03 2.6184e-01
4.3242e-05 3.5520e+00 2.3702e-03 2.4604e-01
4.4148e-05 3.6238e+00 2.4706e-03 2.3120e-01
4.5074e-05 3.6971e+00 2.5753e-03 2.1725e-01
4.6019e-05 3.7718e+00 2.6843e-03 2.0414e-01
4.6983e-05 3.8480e+00 2.7980e-03 1.9182e-01
4.7968e-05 3.9258e+00 2.9166e-03 1.8025e-01
4.8973e-05 4.0052e+00 3.0401e-03 1.6937e-01
5.0000e-05 4.0861e+00 3.1689e-03 1.5915e-01
5.1048e-05 4.1687e+00 3.3031e-03 1.4955e-01
5.2118e-05 4.2530e+00 3.4430e-03 1.4053e-01
5.3210e-05 4.3389e+00 3.5888e-03 1.3205e-01
5.4326e-05 4.4266e+00 3.7409e-03 1.2408e-01
5.5464e-05 4.5161e+00 3.8993e-03 1.1660e-01
5.6627e-05 4.6073e+00 4.0645e-03 1.0956e-01
5.7814e-05 4.7005e+00 4.2366e-03 1.0295e-01
5.9026e-05 4.7955e+00 4.4161e-03 9.6740e-02
6.0263e-05 4.8924e+00 4.6031e-03 9.0903e-02
6.1526e-05 4.9912e+00 4.7981e-03 8.5418e-02
6.2816e-05 5.0921e+00 5.0013e-03 8.0264e-02
6.4132e-05 5.1950e+00 5.2132e-03 7.5422e-02
6.5477e-05 5.3000e+00 5.4340e-03 7.0871e-02
6.6849e-05 5.4071e+00 5.6641e-03 6.6595e-02
6.8250e-05 5.5164e+00 5.9040e-03 6.2577e-02
6.9681e-05 5.6278e+00 6.1541e-03 5.8801e-02
7.1142e-05 5.7415e+00 6.4148e-03 5.5254e-02
7.2633e-05 5.8575e+00 6.6865e-03 5.1920e-02
7.4155e-05 5.9759e+00 6.9697e-03 4.8787e-02
7.5709e-05 6.0966e+00 7.2649e-03 4.5844e-02
7.7296e-05 6.2198e+00 7.5726e-03 4.3078e-02
7.8917e-05 6.3455e+00 7.8933e-03 4.0479e-02
8.0571e-05 6.4737e+00 8.2276e-03 3.8036e-02
8.2260e-05 6.6045e+00 8.5760e-03 3.5741e-02
8.3984e-05 6.7379e+00 8.9393e-03 3.3585e-02
8.5744e-05 6.8740e+00 9.3179e-03 3.1559e-02
8.7541e-05 7.0128e+00 9.7125e-03 2.9654e-02
8.9376e-05 7.1545e+00 1.0124e-02 2.7865e-02
9.1250e-05 7.2990e+00 1.0553e-02 2.6184e-02
9.3162e-05 7.4464e+00 1.0999e-02 2.4604e-02
9.5115e-05 7.5968e+00 1.1465e-02 2.3120e-02
9.7109e-05 7.7503e+00 1.1951e-02 2.1725e-02
9.9144e-05 7.9068e+00 1.2457e-02 2.0414e-02
1.0122e-04 8.0665e+00 1.2985e-02 1.9182e-02
1.0334e-04 8.2294e+00 1.3534e-02 1.8025e-02
1.0551e-04 8.3955e+00 1.4108e-02 1.6937e-02
1.0772e-04 8.5650e+00 1.4705e-02 1.5915e-02
1.0998e-04 8.7380e+00 1.5328e-02 1.4955e-02
1.1228e-04 8.9144e+00 1.5977e-02 1.4053e-02
1.1464e-04 9.0944e+00 1.6653e-02 1.3205e-02
1.1704e-04 9.2779e+00 1.7358e-02 1.2408e-02
1.1949e-04 9.4652e+00 1.8094e-02 1.1660e-02
1.2200e-04 9.6563e+00 1.8860e-02 1.0956e-02
1.2456e-04 9.8512e+00 1.9658e-02 1.0295e-02
1.2717e-04 1.0050e+01 2.0491e-02 9.6740e-03
1.2983e-04 1.0253e+01 2.1358e-02 9.0903e-03
1.3255e-04 1.0460e+01 2.2263e-02 8.5418e-03
1.3533e-04 1.0671e+01 2.3205e-02 8.0264e-03
1.3817e-04 1.0886e+01 2.4188e-02 7.5422e-03
1.4107e-04 1.1106e+01 2.5212e-02 7.0871e-03
1.4402e-04 1.1330e+01 2.6279e-02 6.6595e-03
1.4704e-04 1.1558e+01 2.7392e-02 6.2577e-03
1.5012e-04 1.1791e+01 2.8551e-02 5.8801e-03
1.5327e-04 1.2029e+01 2.9760e-02 5.5254e-03
1.5648e-04 1.2272e+01 3.1020e-02 5.1920e-03
1.5976e-04 1.2519e+01 3.2333e-02 4.8787e-03
1.6311e-04 1.2771e+01 3.3702e-02 4.5844e-03
1.6653e-04 1.3029e+01 3.5128e-02 4.3078e-03
1.7002e-04 1.3291e+01 3.6615e-02 4.0479e-03
1.7358e-04 1.3559e+01 3.8165e-02 3.8036e-03
1.7722e-04 1.3832e+01 3.9780e-02 3.5741e-03
1.8094e-04 1.4111e+01 4.1464e-02 3.3585e-03
1.8473e-04 1.4395e+01 4.3219e-02 3.1559e-03
1.8860e-04 1.4685e+01 4.5048e-02 2.9654e-03
1.9256e-04 1.4981e+01 4.6954e-02 2.7865e-03
1.9659e-04 1.5283e+01 4.8941e-02 2.6184e-03
2.0071e-04 1.5590e+01 5.1012e-02 2.4604e-03
2.0492e-04 1.5904e+01 5.3171e-02 2.3120e-03
2.0921e-04 1.6224e+01 5.5421e-02 2.1725e-03
2.1360e-04 1.6550e+01 5.7765e-02 2.0414e-03
2.1808e-04 1.6883e+01 6.0209e-02 1.9182e-03
2.2265e-04 1.7223e+01 6.2757e-02 1.8025e-03
2.2731e-04 1.7569e+01 6.5412e-02 1.6937e-03
2.3208e-04 1.7922e+01 6.8179e-02 1.5915e-03
2.3694e-04 1.8283e+01 7.1063e-02 1.4955e-03
2.4191e-04 1.8650e+01 7.4068e-02 1.4053e-03
2.4698e-04 1.9025e+01 7.7201e-02 1.3205e-03
2.5216e-04 1.9407e+01 8.0466e-02 1.2408e-03
2.5744e-04 1.9796e+01 8.3869e-02 1.1660e-03
2.6284e-04 2.0194e+01 8.7415e-02 1.0956e-03
2.6835e-04 2.0599e+01 9.1112e-02 1.0295e-03
2.7397e-04 2.1012e+01 9.4964e-02 9.6740e-04
2.7972e-04 2.1434e+01 9.8979e-02 9.0903e-04
2.8558e-04 2.1863e+01 1.0316e-01 8.5418e-04
2.9157e-04 2.2302e+01 1.0752e-01 8.0264e-04
2.9768e-04 2.2748e+01 1.1207e-01 7.5422e-04
3.0392e-04 2.3204e+01 1.1681e-01 7.0871e-04
3.1029e-04 2.3669e+01 1.2174e-01 6.6595e-04
3.1679e-04 2.4142e+01 1.2689e-01 6.2577e-04
3.2343e-04 2.4625e+01 1.3225e-01 5.8801e-04
3.3021e-04 2.5118e+01 1.3783e-01 5.5254e-04
3.3713e-04 2.5620e+01 1.4366e-01 5.1920e-04
3.4420e-04 2.6132e+01 1.4973e-01 4.8787e-04
3.5141e-04 2.6654e+01 1.5605e-01 4.5844e-04
3.5878e-04 2.7186e+01 1.6264e-01 4.3078e-04
3.6630e-04 2.7728e+01 1.6951e-01 4.0479e-04
3.7398e-04 2.8282e+01 1.7666e-01 3.8036e-04
3.8181e-04 2.8845e+01 1.8412e-01 3.5741e-04
3.8982e-04 2.9420e+01 1.9189e-01 3.3585e-04
3.9799e-04 3.0006e+01 1.9999e-01 3.1559e-04
4.0633e-04 3.0603e+01 2.0843e-01 2.9654e-04
4.1485e-04 3.1212e+01 2.1723e-01 2.7865e-04
4.2354e-04 3.1833e+01 2.2639e-01 2.6184e-04
4.3242e-04 3.2465e+01 2.3594e-01 2.4604e-04
4.4148e-04 3.3110e+01 2.4589e-01 2.3120e-04
4.5074e-04 3.3767e+01 2.5626e-01 2.1725e-04
4.6019e-04 3.4436e+01 2.6707e-01 2.0414e-04
4.6983e-04 3.5119e+01 2.7833e-01 1.9182e-04
4.7968e-04 3.5814e+01 2.9006e-01 1.8025e-04
4.8973e-04 3.6523e+01 3.0228e-01 1.6937e-04
5.0000e-04 3.7245e+01 3.1502e-01 1.5915e-04
5.1048e-04 3.7981e+01 3.2829e-01 1.4955e-04
5.2118e-04 3.8731e+01 3.4212e-01 1.4053e-04
5.3210e-04 3.9495e+01 3.5652e-01 1.3205e-04
5.4326e-04 4.0274e+01 3.7153e-01 1.2408e-04
5.5464e-04 4.1067e+01 3.8717e-01 1.1660e-04
5.6627e-04 4.1876e+01 4.0347e-01 1.0956e-04
5.7814e-04 4.2699e+01 4.2044e-01 1.0295e-04
5.9026e-04 4.3538e+01 4.3813e-01 9.6740e-05
6.0263e-04 4.4392e+01 4.5656e-01 9.0903e-05
6.1526e-04 4.5262e+01 4.7576e-01 8.5418e-05
6.2816e-04 4.6149e+01 4.9576e-01 8.0264e-05
6.4132e-04 4.7052e+01 5.1659e-01 7.5422e-05
6.5477e-04 4.7972e+01 5.3830e-01 7.0871e-05
6.6849e-04 4.8908e+01 5.6091e-01 6.6595e-05
6.8250e-04 4.9862e+01 5.8447e-01 6.2577e-05
6.9681e-04 5.0833e+01 6.0900e-01 5.8801e-05
7.1142e-04 5.1823e+01 6.3457e-01 5.5254e-05
7.2633e-04 5.2830e+01 6.6119e-01 5.1920e-05
7.4155e-04 5.3855e+01 6.8893e-01 4.8787e-05
7.5709e-04 5.4899e+01 7.1782e-01 4.5844e-05
7.7296e-04 5.5962e+01 7.4791e-01 4.3078e-05
7.8917e-04 5.7044e+01 7.7925e-01 4.0479e-05
8.0571e-04 5.8145e+01 8.1190e-01 3.8036e-05
8.2260e-04 5.9266e+01 8.4590e-01 3.5741e-05
8.3984e-04 6.0407e+01 8.8132e-01 3.3585e-05
8.5744e-04 6.1568e+01 9.1820e-01 3.1559e-05
8.7541e-04 6.2750e+01 9.5662e-01 2.9654e-05
8.9376e-04 6.3952e+01 9.9662e-01 2.7865e-05
9.1250e-04 6.5175e+01 1.0383e+00 2.6184e-05
9.3162e-04 6.6420e+01 1.0817e+00 2.4604e-05
9.5115e-04 6.7686e+01 1.1269e+00 2.3120e-05
9.7109e-04 6.8974e+01 1.1739e+00 2.1725e-05
9.9144e-04 7.0284e+01 1.2229e+00 2.0414e-05
1.0122e-03 7.1617e+01 1.2739e+00 1.9182e-05
1.0334e-03 7.2972e+01 1.3270e+00 1.8025e-05
1.0551e-03 7.4350e+01 1.3824e+00 1.6937e-05
1.0772e-03 7.5751e+01 1.4399e+00 1.5915e-05
1.0998e-03 7.7176e+01 1.4999e+00 1.4955e-05
1.1228e-03 7.8624e+01 1.5623e+00 1.4053e-05
1.1464e-03 8.0097e+01 1.6273e+00 1.3205e-05
1.1704e-03 8.1593e+01 1.6950e+00 1.2408e-05
1.1949e-03 8.3114e+01 1.7654e+00 1.1660e-05
1.2200e-03 8.4659e+01 1.8387e+00 1.0956e-05
1.2456e-03 8.6230e+01 1.9150e+00 1.0295e-05
1.2717e-03 8.7825e+01 1.9945e+00 9.6740e-06
1.2983e-03 8.9446e+01 2.0772e+00 9.0903e-06
1.3255e-03 9.1092e+01 2.1632e+00 8.5418e-06
1.3533e-03 9.2764e+01 2.2528e+00 8.0264e-06
1.3817e-03 9.4462e+01 2.3460e+00 7.5422e-06
1.4107e-03 9.6186e+01 2.4431e+00 7.0871e-06
1.4402e-03 9.7936e+01 2.5440e+00 6.6595e-06
1.4704e-03 9.9713e+01 2.6491e+00 6.2577e-06
1.5012e-03 1.0152e+02 2.7584e+00 5.8801e-06
1.5327e-03 1.0335e+02 2.8722e+00 5.5254e-06
1.5648e-03 1.0520e+02 2.9906e+00 5.1920e-06
1.5976e-03 1.0709e+02 3.1137e+00 4.8787e-06
1.6311e-03 1.0900e+02 3.2418e+00 4.5844e-06
1.6653e-03 1.1094e+02 3.3751e+00 4.3078e-06
1.7002e-03 1.1290e+02 3.5138e+00 4.0479e-06
1.7358e-03 1.1489e+02 3.6580e+00 3.8036e-06
1.7722e-03 1.1691e+02 3.8081e+00 3.5741e-06
1.8094e-03 1.1896e+02 3.9641e+00 3.3585e-06
1.8473e-03 1.2104e+02 4.1264e+00 3.1559e-06
1.8860e-03 1.2314e+02 4.2952e+00 2.9654e-06
1.9256e-03 1.2527e+02 4.4707e+00 2.7865e-06
1.9659e-03 1.2743e+02 4.6533e+00 2.6184e-06
2.0071e-03 1.2961e+02 4.8431e+00 2.4604e-06
2.0492e-03 1.3183e+02 5.0405e+00 2.3120e-06
2.0921e-03 1.3406e+02 5.2456e+00 2.1725e-06
2.1360e-03 1.3633e+02 5.4590e+00 2.0414e-06
2.1808e-03 1.3862e+02 5.6807e+00 1.9182e-06
2.2265e-03 1.4094e+02 5.9113e+00 1.8025e-06
2.2731e-03 1.4329e+02 6.1509e+00 1.6937e-06
2.3208e-03 1.4566e+02 6.3999e+00 1.5915e-06
2.3694e-03 1.4806e+02 6.6588e+00 1.4955e-06
2.4191e-03 1.5049e+02 6.9278e+00 1.4053e-06
2.4698e-03 1.5294e+02 7.2073e+00 1.3205e-06
2.5216e-03 1.5541e+02 7.4977e+00 1.2408e-06
2.5744e-03 1.5791e+02 7.7995e+00 1.1660e-06
2.6284e-03 1.6044e+02 8.1130e+00 1.0956e-06
2.6835e-03 1.6299e+02 8.4387e+00 1.0295e-06
2.7397e-03 1.6556e+02 8.7770e+00 9.6740e-07
2.7972e-03 1.6815e+02 9.1284e+00 9.0903e-07
2.8558e-03 1.7077e+02 9.4934e+00 8.5418e-07
2.9157e-03 1.7341e+02 9.8724e+00 8.0264e-07
2.9768e-03 1.7607e+02 1.0266e+01 7.5422e-07
3.0392e-03 1.7875e+02 1.0675e+01 7.0871e-07
3.1029e-03 1.8145e+02 1.1099e+01 6.6595e-07
3.1679e-03 1.8417e+02 1.1539e+01 6.2577e-07
3.2343e-03 1.8690e+02 1.1996e+01 5.8801e-07
3.3021e-03 1.8966e+02 1.2471e+01 5.5254e-07
3.3713e-03 1.9243e+02 1.2964e+01 5.1920e-07
3.4420e-03 1.9521e+02 1.3475e+01 4.8787e-07
3.5141e-03 1.9801e+02 1.4005e+01 4.5844e-07
3.5878e-03 2.0083e+02 1.4555e+01 4.3078e-07
3.6630e-03 2.0365e+02 1.5126e+01 4.0479e-07
3.7398e-03 2.0649e+02 1.5718e+01 3.8036e-07
3.8181e-03 2.0934e+02 1.6332e+01 3.5741e-07
3.8982e-03 2.1219e+02 1.6969e+01 3.3585e-07
3.9799e-03 2.1506e+02 1.7629e+01 3.1559e-07
4.0633e-03 2.1793e+02 1.8314e+01 2.9654e-07
4.1485e-03 2.2080e+02 1.9024e+01 2.7865e-07
4.2354e-03 2.2368e+02 1.9760e+01 2.6184e-07
4.3242e-03 2.2656e+02 2.0523e+01 2.4604e-07
4.4148e-03 2.2943e+02 2.1313e+01 2.3120e-07
4.5074e-03 2.3231e+02 2.2132e+01 2.1725e-07
4.6019e-03 2.3518e+02 2.2981e+01 2.0414e-07
4.6983e-03 2.3805e+02 2.3860e+01 1.9182e-07
4.7968e-03 2.4091e+02 2.4770e+01 1.8025e-07
4.8973e-03 2.4376e+02 2.5713e+01 1.6937e-07
5.0000e-03 2.4660e+02 2.6690e+01 1.5915e-07
5.1048e-03 2.4942e+02 2.7701e+01 1.4955e-07
5.2118e-03 2.5223e+02 2.8747e+01 1.4053e-07
5.3210e-03 2.5503e+02 2.9830e+01 1.3205e-07
5.4326e-03 2.5780e+02 3.0951e+01 1.2408e-07
5.5464e-03 2.6055e+02 3.2111e+01 1.1660e-07
5.6627e-03 2.6327e+02 3.3311e+01 1.0956e-07
5.7814e-03 2.6597e+02 3.4551e+01 1.0295e-07
5.9026e-03 2.6863e+02 3.5835e+01 9.6740e-08
6.0263e-03 2.7127e+02 3.7161e+01 9.0903e-08
6.1526e-03 2.7386e+02 3.8533e+01 8.5418e-08
6.2816e-03 2.7642e+02 3.9951e+01 8.0264e-08
6.4132e-03 2.7894e+02 4.1416e+01 7.5422e-08
6.5477e-03 2.8141e+02 4.2929e+01 7.0871e-08
6.6849e-03 2.8384e+02 4.4492e+01 6.6595e-08
6.8250e-03 2.8621e+02 4.6107e+01 6.2577e-08
6.9681e-03 2.8853e+02 4.7774e+01 5.8801e-08
7.1142e-03 2.9079e+02 4.9495e+01 5.5254e-08
7.2633e-03 2.9299e+02 5.1270e+01 5.1920e-08
7.4155e-03 2.9513e+02 5.3103e+01 4.8787e-08
7.5709e-03 2.9720e+02 5.4993e+01 4.5844e-08
7.7296e-03 2.9920e+02 5.6942e+01 4.3078e-08
7.8917e-03 3.0112e+02 5.8951e+01 4.0479e-08
8.0571e-03 3.0296e+02 6.1023e+01 3.8036e-08
8.2260e-03 3.0473e+02 6.3157e+01 3.5741e-08
8.3984e-03 3.0640e+02 6.5356e+01 3.3585e-08
8.5744e-03 3.0799e+02 6.7620e+01 3.1559e-08
8.7541e-03 3.0948e+02 6.9952e+01 2.9654e-08
8.9376e-03 3.1087e+02 7.2351e+01 2.7865e-08
9.1250e-03 3.1216e+02 7.4820e+01 2.6184e-08
9.3162e-03 3.1335e+02 7.7359e+01 2.4604e-08
9.5115e-03 3.1442e+02 7.9970e+01 2.3120e-08
9.7109e-03 3.1539e+02 8.2654e+01 2.1725e-08
9.9144e-03 3.1623e+02 8.5412e+01 2.0414e-08
1.0122e-02 3.1696e+02 8.8244e+01 1.9182e-08
1.0334e-02 3.1756e+02 9.1152e+01 1.8025e-08
1.0551e-02 3.1803e+02 9.4137e+01 1.6937e-08
1.0772e-02 3.1836e+02 9.7199e+01 1.5915e-08
1.0998e-02 3.1857e+02 1.0034e+02 1.4955e-08
1.1228e-02 3.1863e+02 1.0356e+02 1.4053e-08
1.1464e-02 3.1855e+02 1.0686e+02 1.3205e-08
1.1704e-02 3.1832e+02 1.1023e+02 1.2408e-08
1.1949e-02 3.1794e+02 1.1369e+02 1.1660e-08
1.2200e-02 3.1742e+02 1.1723e+02 1.0956e-08
1.2456e-02 3.1673e+02 1.2085e+02 1.0295e-08
1.2717e-02 3.1589e+02 1.2455e+02 9.6740e-09
1.2983e-02 3.1490e+02 1.2833e+02 9.0903e-09
1.3255e-02 3.1374e+02 1.3219e+02 8.5418e-09
1.3533e-02 3.1242e+02 1.3613e+02 8.0264e-09
1.3817e-02 3.1093e+02 1.4015e+02 7.5422e-09
1.4107e-02 3.0929e+02 1.4425e+02 7.0871e-09
1.4402e-02 3.0747e+02 1.4842e+02 6.6595e-09
1.4704e-02 3.0550e+02 1.5268e+02 6.2577e-09
1.5012e-02 3.0336e+02 1.5701e+02 5.8801e-09
1.5327e-02 3.0106e+02 1.6141e+02 5.5254e-09
1.5648e-02 2.9860e+02 1.6589e+02 5.1920e-09
1.5976e-02 2.9598e+02 1.7045e+02 4.8787e-09
1.6311e-02 2.9320e+02 1.7507e+02 4.5844e-09
1.6653e-02 2.9028e+02 1.7977e+02 4.3078e-09
1.7002e-02 2.8720e+02 1.8453e+02 4.0479e-09
1.7358e-02 2.8399e+02 1.8936e+02 3.8036e-09
1.7722e-02 2.8063e+02 1.9426e+02 3.5741e-09
1.8094e-02 2.7714e+02 1.9922e+02 3.3585e-09
1.8473e-02 2.7353e+02 2.0425e+02 3.1559e-09
1.8860e-02 2.6980e+02 2.0934e+02 2.9654e-09
1.9256e-02 2.6597e+02 2.1450e+02 2.7865e-09
1.9659e-02 2.6203e+02 2.1971e+02 2.6184e-09
2.0071e-02 2.5799e+02 2.2498e+02 2.4604e-09
2.0492e-02 2.5388e+02 2.3032e+02 2.3120e-09
2.0921e-02 2.4970e+02 2.3572e+02 2.1725e-09
2.1360e-02 2.4545e+02 2.4118e+02 2.0414e-09
2.1808e-02 2.4116e+02 2.4671e+02 1.9182e-09
2.2265e-02 2.3683e+02 2.5231e+02 1.8025e-09
2.2731e-02 2.3248e+02 2.5797e+02 1.6937e-09
2.3208e-02 2.2812e+02 2.6371e+02 1.5915e-09
2.3694e-02 2.2375e+02 2.6953e+02 1.4955e-09
2.4191e-02 2.1940e+02 2.7543e+02 1.4053e-09
2.4698e-02 2.1507e+02 2.8142e+02 1.3205e-09
2.5216e-02 2.1079e+02 2.8751e+02 1.2408e-09
2.5744e-02 2.0656e+02 2.9371e+02 1.1660e-09
2.6284e-02 2.0239e+02 3.0004e+02 1.0956e-09
2.6835e-02 1.9831e+02 3.0649e+02 1.0295e-09
2.7397e-02 1.9431e+02 3.1309e+02 9.6740e-10
2.7972e-02 1.9040e+02 3.1984e+02 9.0903e-10
2.8558e-02 1.8660e+02 3.2675e+02 8.5418e-10
2.9157e-02 1.8290e+02 3.3384e+02 8.0264e-10
2.9768e-02 1.7931e+02 3.4112e+02 7.5422e-10
3.0392e-02 1.7584e+02 3.4861e+02 7.0871e-10
3.1029e-02 1.7251e+02 3.5634e+02 6.6595e-10
3.1679e-02 1.6934e+02 3.6433e+02 6.2577e-10
3.2343e-02 1.6632e+02 3.7262e+02 5.8801e-10
3.3021e-02 1.6346e+02 3.8122e+02 5.5254e-10
3.3713e-02 1.6075e+02 3.9013e+02 5.1920e-10
3.4420e-02 1.5817e+02 3.9936e+02 4.8787e-10
3.5141e-02 1.5570e+02 4.0891e+02 4.5844e-10
3.5878e-02 1.5333e+02 4.1877e+02 4.3078e-10
3.6630e-02 1.5107e+02 4.2895e+02 4.0479e-10
3.7398e-02 1.4889e+02 4.3947e+02 3.8036e-10
3.8181e-02 1.4680e+02 4.5033e+02 3.5741e-10
3.8982e-02 1.4478e+02 4.6153e+02 3.3585e-10
3.9799e-02 1.4282e+02 4.7305e+02 3.1559e-10
4.0633e-02 1.4088e+02 4.8485e+02 2.9654e-10
4.1485e-02 1.3895e+02 4.9691e+02 2.7865e-10
4.2354e-02 1.3700e+02 5.0919e+02 2.6184e-10
4.3242e-02 1.3500e+02 5.2164e+02 2.4604e-10
4.4148e-02 1.3295e+02 5.3422e+02 2.3120e-10
4.5074e-02 1.3082e+02 5.4686e+02 2.1725e-10
4.6019e-02 1.2858e+02 5.5950e+02 2.0414e-10
4.6983e-02 1.2622e+02 5.7208e+02 1.9182e-10
4.7968e-02 1.2373e+02 5.8450e+02 1.8025e-10
4.8973e-02 1.2108e+02 5.9672e+02 1.6937e-10
5.0000e-02 1.1829e+02 6.0866e+02 1.5915e-10
5.1048e-02 1.1535e+02 6.2026e+02 1.4955e-10
5.2118e-02 1.1226e+02 6.3146e+02 1.4053e-10
5.3210e-02 1.0904e+02 6.4224e+02 1.3205e-10
5.4326e-02 1.0570e+02 6.5257e+02 1.2408e-10
5.5464e-02 1.0228e+02 6.6245e+02 1.1660e-10
5.6627e-02 9.8797e+01 6.7189e+02 1.0956e-10
5.7814e-02 9.5282e+01 6.8094e+02 1.0295e-10
5.9026e-02 9.1769e+01 6.8964e+02 9.6740e-11
6.0263e-02 8.8291e+01 6.9808e+02 9.0903e-11
6.1526e-02 8.4885e+01 7.0637e+02 8.5418e-11
6.2816e-02 8.1585e+01 7.1465e+02 8.0264e-11
6.4132e-02 7.8431e+01 7.2311e+02 7.5422e-11
6.5477e-02 7.5457e+01 7.3195e+02 7.0871e-11
6.6849e-02 7.2689e+01 7.4137e+02 6.6595e-11
6.8250e-02 7.0153e+01 7.5162e+02 6.2577e-11
6.9681e-02 6.7865e+01 7.6290e+02 5.8801e-11
7.1142e-02 6.5825e+01 7.7538e+02 5.5254e-11
7.2633e-02 6.4025e+01 7.8916e+02 5.1920e-11
7.4155e-02 6.2448e+01 8.0430e+02 4.8787e-11
7.5709e-02 6.1061e+01 8.2075e+02 4.5844e-11
7.7296e-02 5.9828e+01 8.3841e+02 4.3078e-11
7.8917e-02 5.8707e+01 8.5708e+02 4.0479e-11
8.0571e-02 5.7652e+01 8.7651e+02 3.8036e-11
8.2260e-02 5.6618e+01 8.9639e+02 3.5741e-11
8.3984e-02 5.5558e+01 9.1635e+02 3.3585e-11
8.5744e-02 5.4428e+01 9.3599e+02 3.1559e-11
8.7541e-02 5.3191e+01 9.5489e+02 2.9654e-11
8.9376e-02 5.1818e+01 9.7263e+02 2.7865e-11
9.1250e-02 5.0295e+01 9.8886e+02 2.6184e-11
9.3162e-02 4.8623e+01 1.0034e+03 2.4604e-11
9.5115e-02 4.6820e+01 1.0161e+03 2.3120e-11
9.7109e-02 4.4918e+01 1.0271e+03 2.1725e-11
9.9144e-02 4.2960e+01 1.0366e+03 2.0414e-11
1.0122e-01 4.0995e+01 1.0450e+03 1.9182e-11
1.0334e-01 3.9075e+01 1.0528e+03 1.8025e-11
1.0551e-01 3.7255e+01 1.0609e+03 1.6937e-11
1.0772e-01 3.5580e+01 1.0699e+03 1.5915e-11
1.0998e-01 3.4088e+01 1.0807e+03 1.4955e-11
1.1228e-01 3.2796e+01 1.0940e+03 1.4053e-11
1.1464e-01 3.1702e+01 1.1100e+03 1.3205e-11
1.1704e-01 3.0781e+01 1.1287e+03 1.2408e-11
1.1949e-01 2.9996e+01 1.1498e+03 1.1660e-11
1.2200e-01 2.9302e+01 1.1728e+03 1.0956e-11
1.2456e-01 2.8648e+01 1.1967e+03 1.0295e-11
1.2717e-01 2.7983e+01 1.2206e+03 9.6740e-12
1.2983e-01 2.7259e+01 1.2432e+03 9.0903e-12
1.3255e-01 2.6441e+01 1.2636e+03 8.5418e-12
1.3533e-01 2.5516e+01 1.2810e+03 8.0264e-12
1.3817e-01 2.4496e+01 1.2953e+03 7.5422e-12
1.4107e-01 2.3412e+01 1.3068e+03 7.0871e-12
1.4402e-01 2.2310e+01 1.3164e+03 6.6595e-12
1.4704e-01 2.1237e+01 1.3255e+03 6.2577e-12
1.5012e-01 2.0238e+01 1.3353e+03 5.8801e-12
1.5327e-01 1.9346e+01 1.3473e+03 5.5254e-12
1.5648e-01 1.8576e+01 1.3624e+03 5.1920e-12
1.5976e-01 1.7925e+01 1.3811e+03 4.8787e-12
1.6311e-01 1.7368e+01 1.4030e+03 4.5844e-12
1.6653e-01 1.6872e+01 1.4271e+03 4.3078e-12
1.7002e-01 1.6393e+01 1.4516e+03 4.0479e-12
1.7358e-01 1.5888e+01 1.4748e+03 3.8036e-12
1.7722e-01 1.5333e+01 1.4951e+03 3.5741e-12
1.8094e-01 1.4726e+01 1.5121e+03 3.3585e-12
1.8473e-01 1.4085e+01 1.5261e+03 3.1559e-12
1.8860e-01 1.3436e+01 1.5382e+03 2.9654e-12
1.9256e-01 1.2810e+01 1.5500e+03 2.7865e-12
1.9659e-01 1.2237e+01 1.5634e+03 2.6184e-12
2.0071e-01 1.1734e+01 1.5798e+03 2.4604e-12
2.0492e-01 1.1295e+01 1.5996e+03 2.3120e-12
2.0921e-01 1.0903e+01 1.6219e+03 2.1725e-12
2.1360e-01 1.0533e+01 1.6451e+03 2.0414e-12
2.1808e-01 1.0160e+01 1.6674e+03 1.9182e-12
2.2265e-01 9.7689e+00 1.6872e+03 1.8025e-12
2.2731e-01 9.3584e+00 1.7042e+03 1.6937e-12
2.3208e-01 8.9430e+00 1.7193e+03 1.5915e-12
2.3694e-01 8.5410e+00 1.7339e+03 1.4955e-12
2.4191e-01 8.1678e+00 1.7498e+03 1.4053e-12
2.4698e-01 7.8309e+00 1.7682e+03 1.3205e-12
2.5216e-01 7.5255e+00 1.7888e+03 1.2408e-12
2.5744e-01 7.2390e+00 1.8105e+03 1.1660e-12
2.6284e-01 6.9582e+00 1.8318e+03 1.0956e-12
2.6835e-01 6.6741e+00 1.8514e+03 1.0295e-12
2.7397e-01 6.3872e+00 1.8691e+03 9.6740e-13
2.7972e-01 6.1062e+00 1.8860e+03 9.0903e-13
2.8558e-01 5.8391e+00 1.9032e+03 8.5418e-13
2.9157e-01 5.5911e+00 1.9219e+03 8.0264e-13
2.9768e-01 5.3611e+00 1.9422e+03 7.5422e-13
3.0392e-01 5.1422e+00 1.9629e+03 7.0871e-13
3.1029e-01 4.9289e+00 1.9833e+03 6.6595e-13
3.1679e-01 4.7181e+00 2.0024e+03 6.2577e-13
3.2343e-01 4.5118e+00 2.0208e+03 5.8801e-13
3.3021e-01 4.3145e+00 2.0393e+03 5.5254e-13
3.3713e-01 4.1281e+00 2.0586e+03 5.1920e-13
3.4420e-01 3.9524e+00 2.0787e+03 4.8787e-13
3.5141e-01 3.7841e+00 2.0990e+03 4.5844e-13
3.5878e-01 3.6210e+00 2.1189e+03 4.3078e-13
3.6630e-01 3.4624e+00 2.1383e+03 4.0479e-13
3.7398e-01 3.3100e+00 2.1576e+03 3.8036e-13
3.8181e-01 3.1648e+00 2.1772e+03 3.5741e-13
3.8982e-01 3.0268e+00 2.1973e+03 3.3585e-13
3.9799e-01 2.8946e+00 2.2174e+03 3.1559e-13
4.0633e-01 2.7672e+00 2.2374e+03 2.9654e-13
4.1485e-01 2.6444e+00 2.2572e+03 2.7865e-13
4.2354e-01 2.5270e+00 2.2771e+03 2.6184e-13
4.3242e-01 2.4149e+00 2.2972e+03 2.4604e-13
4.4148e-01 2.3076e+00 2.3174e+03 2.3120e-13
4.5074e-01 2.2048e+00 2.3376e+03 2.1725e-13
4.6019e-01 2.1063e+00 2.3579e+03 2.0414e-13
4.6983e-01 2.0119e+00 2.3782e+03 1.9182e-13
4.7968e-01 1.9215e+00 2.3985e+03 1.8025e-13
4.8973e-01 1.8350e+00 2.4188e+03 1.6937e-13
5.0000e-01 1.7521e+00 2.4391e+03 1.5915e-13
5.1048e-01 1.6727e+00 2.4594e+03 1.4955e-13
5.2118e-01 1.5968e+00 2.4798e+03 1.4053e-13
5.3210e-01 1.5242e+00 2.5003e+03 1.3205e-13
5.4326e-01 1.4547e+00 2.5207e+03 1.2408e-13
5.5464e-01 1.3883e+00 2.5412e+03 1.1660e-13
5.6627e-01 1.3247e+00 2.5618e+03 1.0956e-13
5.7814e-01 1.2640e+00 2.5824e+03 1.0295e-13
5.9026e-01 1.2059e+00 2.6030e+03 9.6740e-14
6.0263e-01 1.1504e+00 2.6237e+03 9.0903e-14
6.1526e-01 1.0973e+00 2.6444e+03 8.5418e-14
6.2816e-01 1.0466e+00 2.6652e+03 8.0264e-14
6.4132e-01 9.9812e-01 2.6860e+03 7.5422e-14
6.5477e-01 9.5180e-01 2.7068e+03 7.0871e-14
6.6849e-01 9.0755e-01 2.7276e+03 6.6595e-14
6.8250e-01 8.6528e-01 2.7485e+03 6.2577e-14
6.9681e-01 8.2490e-01 2.7695e+03 5.8801e-14
7.1142e-01 7.8632e-01 2.7904e+03 5.5254e-14
7.2633e-01 7.4949e-01 2.8114e+03 5.1920e-14
7.4155e-01 7.1431e-01 2.8324e+03 4.8787e-14
7.5709e-01 6.8072e-01 2.8534e+03 4.5844e-14
7.7296e-01 6.4865e-01 2.8745e+03 4.3078e-14
7.8917e-01 6.1804e-01 2.8956e+03 4.0479e-14
8.0571e-01 5.8882e-01 2.9167e+03 3.8036e-14
8.2260e-01 5.6094e-01 2.9378e+03 3.5741e-14
8.3984e-01 5.3433e-01 2.9590e+03 3.3585e-14
8.5744e-01 5.0894e-01 2.9802e+03 3.1559e-14
8.7541e-01 4.8471e-01 3.0014e+03 2.9654e-14
8.9376e-01 4.6161e-01 3.0227e+03 2.7865e-14
9.1250e-01 4.3956e-01 3.0439e+03 2.6184e-14
9.3162e-01 4.1854e-01 3.0652e+03 2.4604e-14
9.5115e-01 3.9849e-01 3.0866e+03 2.3120e-14
9.7109e-01 3.7937e-01 3.1079e+03 2.1725e-14
9.9144e-01 3.6113e-01 3.1293e+03 2.0414e-14
1.0122e+00 3.4375e-01 3.1507e+03 1.9182e-14
1.0334e+00 3.2718e-01 3.1721e+03 1.8025e-14
1.0551e+00 3.1139e-01 3.1936e+03 1.6937e-14
1.0772e+00 2.9633e-01 3.2150e+03 1.5915e-14
1.0998e+00 2.8198e-01 3.2365e+03 1.4955e-14
1.1228e+00 2.6831e-01 3.2581e+03 1.4053e-14
1.1464e+00 2.5528e-01 3.2796e+03 1.3205e-14
1.1704e+00 2.4286e-01 3.3012e+03 1.2408e-14
1.1949e+00 2.3104e-01 3.3227e+03 1.1660e-14
1.2200e+00 2.1977e-01 3.3443e+03 1.0956e-14
1.2456e+00 2.0903e-01 3.3660e+03 1.0295e-14
1.2717e+00 1.9881e-01 3.3876e+03 9.6740e-15
1.2983e+00 1.8908e-01 3.4093e+03 9.0903e-15
1.3255e+00 1.7980e-01 3.4310e+03 8.5418e-15
1.3533e+00 1.7098e-01 3.4527e+03 8.0264e-15
1.3817e+00 1.6257e-01 3.4744e+03 7.5422e-15
1.4107e+00 1.5457e-01 3.4961e+03 7.0871e-15
1.4402e+00 1.4695e-01 3.5179e+03 6.6595e-15
1.4704e+00 1.3969e-01 3.5397e+03 6.2577e-15
1.5012e+00 1.3279e-01 3.5615e+03 5.8801e-15
1.5327e+00 1.2622e-01 3.5833e+03 5.5254e-15
1.5648e+00 1.1997e-01 3.6051e+03 5.1920e-15
1.5976e+00 1.1402e-01 3.6270e+03 4.8787e-15
1.6311e+00 1.0835e-01 3.6488e+03 4.5844e-15
1.6653e+00 1.0297e-01 3.6707e+03 4.3078e-15
1.7002e+00 9.7840e-02 3.6926e+03 4.0479e-15
1.7358e+00 9.2963e-02 3.7145e+03 3.8036e-15
1.7722e+00 8.8325e-02 3.7365e+03 3.5741e-15
1.8094e+00 8.3912e-02 3.7584e+03 3.3585e-15
1.8473e+00 7.9716e-02 3.7804e+03 3.1559e-15
1.8860e+00 7.5724e-02 3.8023e+03 2.9654e-15
1.9256e+00 7.1928e-02 3.8243e+03 2.7865e-15
1.9659e+00 6.8319e-02 3.8463e+03 2.6184e-15
2.0071e+00 6.4887e-02 3.8684e+03 2.4604e-15
2.0492e+00 6.1624e-02 3.8904e+03 2.3120e-15
2.0921e+00 5.8521e-02 3.9124e+03 2.1725e-15
2.1360e+00 5.5572e-02 3.9345e+03 2.0414e-15
2.1808e+00 5.2768e-02 3.9566e+03 1.9182e-15
2.2265e+00 5.0103e-02 3.9787e+03 1.8025e-15
2.2731e+00 4.7570e-02 4.0008e+03 1.6937e-15
2.3208e+00 4.5163e-02 4.0229e+03 1.5915e-15
2.3694e+00 4.2875e-02 4.0450e+03 1.4955e-15
2.4191e+00 4.0701e-02 4.0672e+03 1.4053e-15
2.4698e+00 3.8635e-02 4.0893e+03 1.3205e-15
2.5216e+00 3.6672e-02 4.1115e+03 1.2408e-15
2.5744e+00 3.4807e-02 4.1337e+03 1.1660e-15
2.6284e+00 3.3035e-02 4.1559e+03 1.0956e-15
2.6835e+00 3.1351e-02 4.1781e+03 1.0295e-15
2.7397e+00 2.9752e-02 4.2003e+03 9.6740e-16
2.7972e+00 2.8233e-02 4.2225e+03 9.0903e-16
2.8558e+00 2.6790e-02 4.2448e+03 8.5418e-16
2.9157e+00 2.5420e-02 4.2670e+03 8.0264e-16
2.9768e+00 2.4118e-02 4.2893e+03 7.5422e-16
3.0392e+00 2.2883e-02 4.3115e+03 7.0871e-16
3.1029e+00 2.1709e-02 4.3338e+03 6.6595e-16
3.1679e+00 2.0595e-02 4.3561e+03 6.2577e-16
3.2343e+00 1.9536e-02 4.3784e+03 5.8801e-16
3.3021e+00 1.8532e-02 4.4007e+03 5.5254e-16
3.3713e+00 1.7578e-02 4.4231e+03 5.1920e-16
3.4420e+00 1.6672e-02 4.4454e+03 4.8787e-16
3.5141e+00 1.5813e-02 4.4677e+03 4.5844e-16
3.5878e+00 1.4997e-02 4.4901e+03 4.3078e-16
3.6630e+00 1.4222e-02 4.5124e+03 4.0479e-16
3.7398e+00 1.3487e-02 4.5348e+03 3.8036e-16
3.8181e+00 1.2790e-02 4.5572e+03 3.5741e-16
3.8982e+00 1.2127e-02 4.5796e+03 3.3585e-16
3.9799e+00 1.1499e-02 4.6020e+03 3.1559e-16
4.0633e+00 1.0903e-02 4.6244e+03 2.9654e-16
4.1485e+00 1.0337e-02 4.6468e+03 2.7865e-16
4.2354e+00 9.8001e-03 4.6692e+03 2.6184e-16
4.3242e+00 9.2907e-03 4.6916e+03 2.4604e-16
4.4148e+00 8.8074e-03 4.7141e+03 2.3120e-16
4.5074e+00 8.3489e-03 4.7365e+03 2.1725e-16
4.6019e+00 7.9140e-03 4.7589e+03 2.0414e-16
4.6983e+00 7.5014e-03 4.7814e+03 1.9182e-16
4.7968e+00 7.1100e-03 4.8039e+03 1.8025e-16
4.8973e+00 6.7388e-03 4.8263e+03 1.6937e-16
5.0000e+00 6.3867e-03 4.8488e+03 1.5915e-16
5.1048e+00 6.0527e-03 4.8713e+03 1.4955e-16
5.2118e+00 5.7360e-03 4.8938e+03 1.4053e-16
5.3210e+00 5.4356e-03 4.9163e+03 1.3205e-16
5.4326e+00 5.1508e-03 4.9388e+03 1.2408e-16
5.5464e+00 4.8807e-03 4.9613e+03 1.1660e-16
5.6627e+00 4.6246e-03 4.9838e+03 1.0956e-16
5.7814e+00 4.3817e-03 5.0064e+03 1.0295e-16
5.9026e+00 4.1515e-03 5.0289e+03 9.6740e-17
6.0263e+00 3.9332e-03 5.0514e+03 9.0903e-17
6.1526e+00 3.7262e-03 5.0740e+03 8.5418e-17
6.2816e+00 3.5300e-03 5.0965e+03 8.0264e-17
6.4132e+00 3.3440e-03 5.1191e+03 7.5422e-17
6.5477e+00 3.1677e-03 5.1417e+03 7.0871e-17
6.6849e+00 3.0006e-03 5.1642e+03 6.6595e-17
6.8250e+00 2.8422e-03 5.1868e+03 6.2577e-17
6.9681e+00 2.6920e-03 5.2094e+03 5.8801e-17
7.1142e+00 2.5497e-03 5.2320e+03 5.5254e-17
7.2633e+00 2.4149e-03 5.2545e+03 5.1920e-17
7.4155e+00 2.2870e-03 5.2771e+03 4.8787e-17
7.5709e+00 2.1659e-03 5.2997e+03 4.5844e-17
7.7296e+00 2.0511e-03 5.3223e+03 4.3078e-17
7.8917e+00 1.9424e-03 5.3449e+03 4.0479e-17
8.0571e+00 1.8393e-03 5.3675e+03 3.8036e-17
8.2260e+00 1.7417e-03 5.3902e+03 3.5741e-17
8.3984e+00 1.6492e-03 5.4128e+03 3.3585e-17
8.5744e+00 1.5615e-03 5.4354e+03 3.1559e-17
8.7541e+00 1.4784e-03 5.4580e+03 2.9654e-17
8.9376e+00 1.3998e-03 5.4807e+03 2.7865e-17
9.1250e+00 1.3252e-03 5.5033e+03 2.6184e-17
9.3162e+00 1.2546e-03 5.5259e+03 2.4604e-17
9.5115e+00 1.1877e-03 5.5486e+03 2.3120e-17
9.7109e+00 1.1244e-03 5.5712e+03 2.1725e-17
9.9144e+00 1.0644e-03 5.5939e+03 2.0414e-17
1.0122e+01 1.0075e-03 5.6165e+03 1.9182e-17
1.0334e+01 9.5371e-04 5.6392e+03 1.8025e-17
1.0551e+01 9.0272e-04 5.6618e+03 1.6937e-17
1.0772e+01 8.5444e-04 5.6845e+03 1.5915e-17
1.0998e+01 8.0871e-04 5.7071e+03 1.4955e-17
1.1228e+01 7.6541e-04 5.7298e+03 1.4053e-17
1.1464e+01 7.2440e-04 5.7525e+03 1.3205e-17
1.1704e+01 6.8557e-04 5.7751e+03 1.2408e-17
1.1949e+01 6.4880e-04 5.7978e+03 1.1660e-17
1.2200e+01 6.1398e-04 5.8205e+03 1.0956e-17
1.2456e+01 5.8102e-04 5.8431e+03 1.0295e-17
1.2717e+01 5.4981e-04 5.8658e+03 9.6740e-18
1.2983e+01 5.2026e-04 5.8885e+03 9.0903e-18
1.3255e+01 4.9228e-04 5.9111e+03 8.5418e-18
1.3533e+01 4.6579e-04 5.9338e+03 8.0264e-18
1.3817e+01 4.4072e-04 5.9565e+03 7.5422e-18
1.4107e+01 4.1699e-04 5.9792e+03 7.0871e-18
1.4402e+01 3.9452e-04 6.0019e+03 6.6595e-18
1.4704e+01 3.7325e-04 6.0245e+03 6.2577e-18
1.5012e+01 3.5312e-04 6.0472e+03 5.8801e-18
1.5327e+01 3.3406e-04 6.0699e+03 5.5254e-18
1.5648e+01 3.1603e-04 6.0926e+03 5.1920e-18
1.5976e+01 2.9896e-04 6.1152e+03 4.8787e-18
1.6311e+01 2.8280e-04 6.1379e+03 4.5844e-18
1.6653e+01 2.6751e-04 6.1606e+03 4.3078e-18
1.7002e+01 2.5304e-04 6.1833e+03 4.0479e-18
1.7358e+01 2.3934e-04 6.2059e+03 3.8036e-18
1.7722e+01 2.2638e-04 6.2286e+03 3.5741e-18
1.8094e+01 2.1412e-04 6.2513e+03 3.3585e-18
1.8473e+01 2.0251e-04 6.2739e+03 3.1559e-18
1.8860e+01 1.9153e-04 6.2966e+03 2.9654e-18
1.9256e+01 1.8114e-04 6.3193e+03 2.7865e-18
1.9659e+01 1.7131e-04 6.3419e+03 2.6184e-18
2.0071e+01 1.6201e-04 6.3646e+03 2.4604e-18
2.0492e+01 1.5321e-04 6.3872e+03 2.3120e-18
2.0921e+01 1.4488e-04 6.4099e+03 2.1725e-18
2.1360e+01 1.3700e-04 6.4325e+03 2.0414e-18
2.1808e+01 1.2955e-04 6.4551e+03 1.9182e-18
2.2265e+01 1.2250e-04 6.4778e+03 1.8025e-18
2.2731e+01 1.1583e-04 6.5004e+03 1.6937e-18
2.3208e+01 1.0952e-04 6.5230e+03 1.5915e-18
2.3694e+01 1.0355e-04 6.5456e+03 1.4955e-18
2.4191e+01 9.7907e-05 6.5682e+03 1.4053e-18
2.4698e+01 9.2566e-05 6.5908e+03 1.3205e-18
2.5216e+01 8.7515e-05 6.6134e+03 1.2408e-18
2.5744e+01 8.2737e-05 6.6360e+03 1.1660e-18
2.6284e+01 7.8218e-05 6.6586e+03 1.0956e-18
2.6835e+01 7.3944e-05 6.6812e+03 1.0295e-18
2.7397e+01 6.9901e-05 6.7037e+03 9.6740e-19
2.7972e+01 6.6078e-05 6.7263e+03 9.0903e-19
2.8558e+01 6.2463e-05 6.7488e+03 8.5418e-19
2.9157e+01 5.9044e-05 6.7713e+03 8.0264e-19
2.9768e+01 5.5810e-05 6.7938e+03 7.5422e-19
3.0392e+01 5.2752e-05 6.8163e+03 7.0871e-19
3.1029e+01 4.9861e-05 6.8388e+03 6.6595e-19
3.1679e+01 4.7127e-05 6.8613e+03 6.2577e-19
3.2343e+01 4.4541e-05 6.8838e+03 5.8801e-19
3.3021e+01 4.2096e-05 6.9062e+03 5.5254e-19
3.3713e+01 3.9785e-05 6.9286e+03 5.1920e-19
3.4420e+01 3.7599e-05 6.9510e+03 4.8787e-19
3.5141e+01 3.5533e-05 6.9734e+03 4.5844e-19
3.5878e+01 3.3579e-05 6.9958e+03 4.3078e-19
3.6630e+01 3.1732e-05 7.0182e+03 4.0479e-19
3.7398e+01 2.9986e-05 7.0405e+03 3.8036e-19
3.8181e+01 2.8335e-05 7.0628e+03 3.5741e-19
3.8982e+01 2.6774e-05 7.0851e+03 3.3585e-19
3.9799e+01 2.5299e-05 7.1074e+03 3.1559e-19
4.0633e+01 2.3904e-05 7.1296e+03 2.9654e-19
4.1485e+01 2.2585e-05 7.1518e+03 2.7865e-19
4.2354e+01 2.1339e-05 7.1740e+03 2.6184e-19
4.3242e+01 2.0161e-05 7.1962e+03 2.4604e-19
4.4148e+01 1.9047e-05 7.2183e+03 2.3120e-19
4.5074e+01 1.7995e-05 7.2404e+03 2.1725e-19
4.6019e+01 1.7000e-05 7.2625e+03 2.0414e-19
4.6983e+01 1.6059e-05 7.2845e+03 1.9182e-19
4.7968e+01 1.5171e-05 7.3065e+03 1.8025e-19
4.8973e+01 1.4331e-05 7.3285e+03 1.6937e-19
5.0000e+01 1.3537e-05 7.3504e+03 1.5915e-19
5.1048e+01 1.2787e-05 7.3722e+03 1.4955e-19
5.2118e+01 1.2078e-05 7.3941e+03 1.4053e-19
5.3210e+01 1.1408e-05 7.4159e+03 1.3205e-19
5.4326e+01 1.0774e-05 7.4376e+03 1.2408e-19
5.5464e+01 1.0176e-05 7.4593e+03 1.1660e-19
5.6627e+01 9.6107e-06 7.4809e+03 1.0956e-19
5.7814e+01 9.0764e-06 7.5025e+03 1.0295e-19
5.9026e+01 8.5715e-06 7.5241e+03 9.6740e-20
6.0263e+01 8.0945e-06 7.5455e+03 9.0903e-20
6.1526e+01 7.6438e-06 7.5669e+03 8.5418e-20
6.2816e+01 7.2179e-06 7.5883e+03 8.0264e-20
6.4132e+01 6.8156e-06 7.6096e+03 7.5422e-20
6.5477e+01 6.4354e-06 7.6308e+03 7.0871e-20
6.6849e+01 6.0763e-06 7.6519e+03 6.6595e-20
6.8250e+01 5.7369e-06 7.6730e+03 6.2577e-20
6.9681e+01 5.4164e-06 7.6940e+03 5.8801e-20
7.1142e+01 5.1136e-06 7.7149e+03 5.5254e-20
7.2633e+01 4.8275e-06 7.7357e+03 5.1920e-20
7.4155e+01 4.5572e-06 7.7564e+03 4.8787e-20
7.5709e+01 4.3020e-06 7.7771e+03 4.5844e-20
7.7296e+01 4.0608e-06 7.7976e+03 4.3078e-20
7.8917e+01 3.8330e-06 7.8180e+03 4.0479e-20
8.0571e+01 3.6179e-06 7.8384e+03 3.8036e-20
8.2260e+01 3.4147e-06 7.8586e+03 3.5741e-20
8.3984e+01 3.2228e-06 7.8787e+03 3.3585e-20
8.5744e+01 3.0415e-06 7.8987e+03 3.1559e-20
8.7541e+01 2.8703e-06 7.9185e+03 2.9654e-20
8.9376e+01 2.7086e-06 7.9383e+03 2.7865e-20
9.1250e+01 2.5559e-06 7.9579e+03 2.6184e-20
9.3162e+01 2.4117e-06 7.9773e+03 2.4604e-20
9.5115e+01 2.2755e-06 7.9967e+03 2.3120e-20
9.7109e+01 2.1469e-06 8.0158e+03 2.1725e-20
9.9144e+01 2.0255e-06 8.0348e+03 2.0414e-20
1.0122e+02 1.9108e-06 8.0537e+03 1.9182e-20
1.0334e+02 1.8026e-06 8.0724e+03 1.8025e-20
1.0551e+02 1.7003e-06 8.0909e+03 1.6937e-20
1.0772e+02 1.6038e-06 8.1092e+03 1.5915e-20
1.0998e+02 1.5127e-06 8.1273e+03 1.4955e-20
1.1228e+02 1.4267e-06 8.1452e+03 1.4053e-20
1.1464e+02 1.3454e-06 8.1630e+03 1.3205e-20
1.1704e+02 1.2688e-06 8.1805e+03 1.2408e-20
1.1949e+02 1.1964e-06 8.1978e+03 1.1660e-20
1.2200e+02 1.1281e-06 8.2148e+03 1.0956e-20
1.2456e+02 1.0636e-06 8.2317e+03 1.0295e-20
1.2717e+02 1.0027e-06 8.2483e+03 9.6740e-21
1.2983e+02 9.4527e-07 8.2646e+03 9.0903e-21
1.3255e+02 8.9104e-07 8.2807e+03 8.5418e-21
1.3533e+02 8.3987e-07 8.2965e+03 8.0264e-21
1.3817e+02 7.9158e-07 8.3120e+03 7.5422e-21
1.4107e+02 7.4600e-07 8.3272e+03 7.0871e-21
1.4402e+02 7.0300e-07 8.3422e+03 6.6595e-21
1.4704e+02 6.6242e-07 8.3568e+03 6.2577e-21
1.5012e+02 6.2413e-07 8.3711e+03 5.8801e-21
1.5327e+02 5.8801e-07 8.3851e+03 5.5254e-21
1.5648e+02 5.5392e-07 8.3987e+03 5.1920e-21
1.5976e+02 5.2177e-07 8.4120e+03 4.8787e-21
1.6311e+02 4.9145e-07 8.4250e+03 4.5844e-21
1.6653e+02 4.6284e-07 8.4376e+03 4.3078e-21
1.7002e+02 4.3585e-07 8.4498e+03 4.0479e-21
1.7358e+02 4.1040e-07 8.4616e+03 3.8036e-21
1.7722e+02 3.8640e-07 8.4730e+03 3.5741e-21
1.8094e+02 3.6377e-07 8.4840e+03 3.3585e-21
1.8473e+02 3.4242e-07 8.4946e+03 3.1559e-21
1.8860e+02 3.2230e-07 8.5048e+03 2.9654e-21
1.9256e+02 3.0333e-07 8.5146e+03 2.7865e-21
1.9659e+02 2.8544e-07 8.5239e+03 2.6184e-21
2.0071e+02 2.6858e-07 8.5327e+03 2.4604e-21
2.0492e+02 2.5269e-07 8.5411e+03 2.3120e-21
2.0921e+02 2.3771e-07 8.5491e+03 2.1725e-21
2.1360e+02 2.2360e-07 8.5566e+03 2.0414e-21
2.1808e+02 2.1030e-07 8.5636e+03 1.9182e-21
2.2265e+02 1.9777e-07 8.5701e+03 1.8025e-21
2.2731e+02 1.8596e-07 8.5761e+03 1.6937e-21
2.3208e+02 1.7484e-07 8.5816e+03 1.5915e-21
2.3694e+02 1.6436e-07 8.5867e+03 1.4955e-21
2.4191e+02 1.5450e-07 8.5912e+03 1.4053e-21
2.4698e+02 1.4521e-07 8.5953e+03 1.3205e-21
2.5216e+02 1.3646e-07 8.5989e+03 1.2408e-21
2.5744e+02 1.2823e-07 8.6020e+03 1.1660e-21
2.6284e+02 1.2048e-07 8.6047e+03 1.0956e-21
2.6835e+02 1.1318e-07 8.6069e+03 1.0295e-21
2.7397e+02 1.0632e-07 8.6086e+03 9.6740e-22
2.7972e+02 9.9861e-08 8.6098e+03 9.0903e-22
2.8558e+02 9.3785e-08 8.6106e+03 8.5418e-22
2.9157e+02 8.8069e-08 8.6109e+03 8.0264e-22
2.9768e+02 8.2694e-08 8.6109e+03 7.5422e-22
3.0392e+02 7.7640e-08 8.6104e+03 7.0871e-22
3.1029e+02 7.2889e-08 8.6096e+03 6.6595e-22
3.1679e+02 6.8424e-08 8.6085e+03 6.2577e-22
3.2343e+02 6.4227e-08 8.6071e+03 5.8801e-22
3.3021e+02 6.0284e-08 8.6054e+03 5.5254e-22
3.3713e+02 5.6580e-08 8.6034e+03 5.1920e-22
3.4420e+02 5.3100e-08 8.6012e+03 4.8787e-22
3.5141e+02 4.9832e-08 8.5988e+03 4.5844e-22
3.5878e+02 4.6764e-08 8.5962e+03 4.3078e-22
3.6630e+02 4.3883e-08 8.5936e+03 4.0479e-22
3.7398e+02 4.1179e-08 8.5909e+03 3.8036e-22
3.8181e+02 3.8642e-08 8.5881e+03 3.5741e-22
3.8982e+02 3.6262e-08 8.5855e+03 3.3585e-22
3.9799e+02 3.4029e-08 8.5829e+03 3.1559e-22
4.0633e+02 3.1934e-08 8.5805e+03 2.9654e-22
4.1485e+02 2.9970e-08 8.5783e+03 2.7865e-22
4.2354e+02 2.8129e-08 8.5764e+03 2.6184e-22
4.3242e+02 2.6403e-08 8.5748e+03 2.4604e-22
4.4148e+02 2.4785e-08 8.5735e+03 2.3120e-22
4.5074e+02 2.3268e-08 8.5727e+03 2.1725e-22
4.6019e+02 2.1846e-08 8.5724e+03 2.0414e-22
4.6983e+02 2.0514e-08 8.5726e+03 1.9182e-22
4.7968e+02 1.9266e-08 8.5734e+03 1.8025e-22
4.8973e+02 1.8096e-08 8.5748e+03 1.6937e-22
5.0000e+02 1.7001e-08 8.5769e+03 1.5915e-22
5.1048e+02 1.5974e-08 8.5798e+03 1.4955e-22
5.2118e+02 1.5012e-08 8.5835e+03 1.4053e-22
5.3210e+02 1.4111e-08 8.5880e+03 1.3205e-22
5.4326e+02 1.3267e-08 8.5935e+03 1.2408e-22
5.5464e+02 1.2476e-08 8.5998e+03 1.1660e-22
5.6627e+02 1.1735e-08 8.6072e+03 1.0956e-22
5.7814e+02 1.1040e-08 8.6156e+03 1.0295e-22
5.9026e+02 1.0389e-08 8.6249e+03 9.6740e-23
6.0263e+02 9.7783e-09 8.6353e+03 9.0903e-23
6.1526e+02 9.2059e-09 8.6467e+03 8.5418e-23
6.2816e+02 8.6690e-09 8.6591e+03 8.0264e-23
6.4132e+02 8.1654e-09 8.6726e+03 7.5422e-23
6.5477e+02 7.6929e-09 8.6871e+03 7.0871e-23
6.6849e+02 7.2496e-09 8.7028e+03 6.6595e-23
6.8250e+02 6.8334e-09 8.7195e+03 6.2577e-23
6.9681e+02 6.4428e-09 8.7374e+03 5.8801e-23
7.1142e+02 6.0763e-09 8.7566e+03 5.5254e-23
7.2633e+02 5.7323e-09 8.7771e+03 5.1920e-23
7.4155e+02 5.4095e-09 8.7991e+03 4.8787e-23
7.5709e+02 5.1067e-09 8.8227e+03 4.5844e-23
7.7296e+02 4.8226e-09 8.8479e+03 4.3078e-23
7.8917e+02 4.5560e-09 8.8750e+03 4.0479e-23
8.0571e+02 4.3059e-09 8.9039e+03 3.8036e-23
8.2260e+02 4.0713e-09 8.9348e+03 3.5741e-23
8.3984e+02 3.8512e-09 8.9678e+03 3.3585e-23
8.5744e+02 3.6447e-09 9.0031e+03 3.1559e-23
8.7541e+02 3.4509e-09 9.0407e+03 2.9654e-23
8.9376e+02 3.2692e-09 9.0808e+03 2.7865e-23
9.1250e+02 3.0986e-09 9.1235e+03 2.6184e-23
9.3162e+02 2.9386e-09 9.1689e+03 2.4604e-23
9.5115e+02 2.7884e-09 9.2171e+03 2.3120e-23
9.7109e+02 2.6474e-09 9.2684e+03 2.1725e-23
9.9144e+02 2.5151e-09 9.3228e+03 2.0414e-23
1.0122e+03 2.3910e-09 9.3804e+03 1.9182e-23
1.0334e+03 2.2744e-09 9.4415e+03 1.8025e-23
1.0551e+03 2.1650e-09 9.5061e+03 1.6937e-23
1.0772e+03 2.0622e-09 9.5745e+03 1.5915e-23
1.0998e+03 1.9658e-09 9.6471e+03 1.4955e-23
1.1228e+03 1.8755e-09 9.7240e+03 1.4053e-23
1.1464e+03 1.7908e-09 9.8058e+03 1.3205e-23
1.1704e+03 1.7115e-09 9.8929e+03 1.2408e-23
1.1949e+03 1.6373e-09 9.9855e+03 1.1660e-23
1.2200e+03 1.5679e-09 1.0084e+04 1.0956e-23
1.2456e+03 1.5031e-09 1.0189e+04 1.0295e-23
1.2717e+03 1.4426e-09 1.0301e+04 9.6740e-24
1.2983e+03 1.3862e-09 1.0421e+04 9.0903e-24
1.3255e+03 1.3336e-09 1.0548e+04 8.5418e-24
1.3533e+03 1.2848e-09 1.0684e+04 8.0264e-24
1.3817e+03 1.2395e-09 1.0830e+04 7.5422e-24
1.4107e+03 1.1975e-09 1.0986e+04 7.0871e-24
1.4402e+03 1.1589e-09 1.1152e+04 6.6595e-24
1.4704e+03 1.1233e-09 1.1331e+04 6.2577e-24
1.5012e+03 1.0908e-09 1.1523e+04 5.8801e-24
1.5327e+03 1.0612e-09 1.1729e+04 5.5254e-24
1.5648e+03 1.0344e-09 1.1951e+04 5.1920e-24
1.5976e+03 1.0104e-09 1.2189e+04 4.8787e-24
1.6311e+03 9.8906e-10 1.2445e+04 4.5844e-24
1.6653e+03 9.7032e-10 1.2721e+04 4.3078e-24
1.7002e+03 9.5420e-10 1.3018e+04 4.0479e-24
1.7358e+03 9.4072e-10 1.3339e+04 3.8036e-24
1.7722e+03 9.2993e-10 1.3687e+04 3.5741e-24
1.8094e+03 9.2190e-10 1.4063e+04 3.3585e-24
1.8473e+03 9.1671e-10 1.4472e+04 3.1559e-24
1.8860e+03 9.1446e-10 1.4916e+04 2.9654e-24
1.9256e+03 9.1528e-10 1.5400e+04 2.7865e-24
1.9659e+03 9.1932e-10 1.5928e+04 2.6184e-24
2.0071e+03 9.2678e-10 1.6504e+04 2.4604e-24
2.0492e+03 9.3790e-10 1.7134e+04 2.3120e-24
2.0921e+03 9.5296e-10 1.7823e+04 2.1725e-24
2.1360e+03 9.7233e-10 1.8579e+04 2.0414e-24
2.1808e+03 9.9643e-10 1.9409e+04 1.9182e-24
2.2265e+03 1.0258e-09 2.0323e+04 1.8025e-24
2.2731e+03 1.0610e-09 2.1330e+04 1.6937e-24
2.3208e+03 1.1028e-09 2.2441e+04 1.5915e-24
2.3694e+03 1.1521e-09 2.3671e+04 1.4955e-24
2.4191e+03 1.2099e-09 2.5033e+04 1.4053e-24
2.4698e+03 1.2776e-09 2.6547e+04 1.3205e-24
2.5216e+03 1.3567e-09 2.8231e+04 1.2408e-24
2.5744e+03 1.4490e-09 3.0109e+04 1.1660e-24
2.6284e+03 1.5569e-09 3.2207e+04 1.0956e-24
2.6835e+03 1.6830e-09 3.4558e+04 1.0295e-24
2.7397e+03 1.8307e-09 3.7195e+04 9.6740e-25
2.7972e+03 2.0042e-09 4.0162e+04 9.0903e-25
2.8558e+03 2.2083e-09 4.3506e+04 8.5418e-25
2.9157e+03 2.4494e-09 4.7284e+04 8.0264e-25
2.9768e+03 2.7353e-09 5.1565e+04 7.5422e-25
3.0392e+03 3.0756e-09 5.6428e+04 7.0871e-25
3.1029e+03 3.4827e-09 6.1967e+04 6.6595e-25
3.1679e+03 3.9719e-09 6.8292e+04 6.2577e-25
3.2343e+03 4.5630e-09 7.5539e+04 5.8801e-25
3.3021e+03 5.2803e-09 8.3858e+04 5.5254e-25
3.3713e+03 6.1541e-09 9.3427e+04 5.1920e-25
3.4420e+03 7.2228e-09 1.0445e+05 4.8787e-25
3.5141e+03 8.5352e-09 1.1718e+05 4.5844e-25
3.5878e+03 1.0154e-08 1.3189e+05 4.3078e-25
3.6630e+03 1.2158e-08 1.4894e+05 4.0479e-25
3.7398e+03 1.4652e-08 1.6873e+05 3.8036e-25
3.8181e+03 1.7767e-08 1.9175e+05 3.5741e-25
3.8982e+03 2.1676e-08 2.1857e+05 3.3585e-25
3.9799e+03 2.6603e-08 2.4988e+05 3.1559e-25
4.0633e+03 3.2839e-08 2.8650e+05 2.9654e-25
4.1485e+03 4.0787e-08 3.2951e+05 2.7865e-25
4.2354e+03 5.0995e-08 3.8022e+05 2.6184e-25
4.3242e+03 6.4213e-08 4.4031e+05 2.4604e-25
4.4148e+03 8.1479e-08 5.1185e+05 2.3120e-25
4.5074e+03 1.0423e-07 5.9743e+05 2.1725e-25
4.6019e+03 1.3450e-07 7.0035e+05 2.0414e-25
4.6983e+03 1.7515e-07 8.2477e+05 1.9182e-25
4.7968e+03 2.3029e-07 9.7599e+05 1.8025e-25
4.8973e+03 3.0590e-07 1.1608e+06 1.6937e-25
5.0000e+03 4.1070e-07 1.3881e+06 1.5915e-25
