5.0000e-06 3.5813e-24 8.8410e-17 1.5915e+02
5.1048e-06 3.5787e-24 9.1204e-17 1.4955e+02
5.2118e-06 3.5761e-24 9.4086e-17 1.4053e+02
5.3210e-06 3.5735e-24 9.7060e-17 1.3205e+02
5.4326e-06 3.5709e-24 1.0013e-16 1.2408e+02
5.5464e-06 3.5683e-24 1.0329e-16 1.1660e+02
5.6627e-06 3.5657e-24 1.0656e-16 1.0956e+02
5.7814e-06 3.5631e-24 1.0992e-16 1.0295e+02
5.9026e-06 3.5605e-24 1.1340e-16 9.6740e+01
6.0263e-06 3.5579e-24 1.1698e-16 9.0903e+01
6.1526e-06 3.5553e-24 1.2068e-16 8.5418e+01
6.2816e-06 3.5527e-24 1.2449e-16 8.0264e+01
6.4132e-06 3.5501e-24 1.2843e-16 7.5422e+01
6.5477e-06 3.5475e-24 1.3249e-16 7.0871e+01
6.6849e-06 3.5450e-24 1.3668e-16 6.6595e+01
6.8250e-06 3.5424e-24 1.4099e-16 6.2577e+01
6.9681e-06 3.5398e-24 1.4545e-16 5.8801e+01
7.1142e-06 3.7246e-01 4.8690e-05 5.5254e+01
7.2633e-06 3.7999e-01 5.0752e-05 5.1920e+01
7.4155e-06 3.8767e-01 5.2902e-05 4.8787e+01
7.5709e-06 3.9551e-01 5.5143e-05 4.5844e+01
7.7296e-06 4.0351e-01 5.7479e-05 4.3078e+01
7.8917e-06 4.1166e-01 5.9914e-05 4.0479e+01
8.0571e-06 4.1999e-01 6.2452e-05 3.8036e+01
8.2260e-06 4.2848e-01 6.5097e-05 3.5741e+01
8.3984e-06 4.3714e-01 6.7855e-05 3.3585e+01
8.5744e-06 4.4598e-01 7.0729e-05 3.1559e+01
8.7541e-06 4.5499e-01 7.3725e-05 2.9654e+01
8.9376e-06 4.6419e-01 7.6849e-05 2.7865e+01
9.1250e-06 4.7358e-01 8.0104e-05 2.6184e+01
9.3162e-06 4.8315e-01 8.3497e-05 2.4604e+01
9.5115e-06 4.9292e-01 8.7034e-05 2.3120e+01
9.7109e-06 5.0289e-01 9.0721e-05 2.1725e+01
9.9144e-06 5.1305e-01 9.4564e-05 2.0414e+01
1.0122e-05 5.2343e-01 9.8570e-05 1.9182e+01
1.0334e-05 5.3401e-01 1.0275e-04 1.8025e+01
1.0551e-05 5.4480e-01 1.0710e-04 1.6937e+01
1.0772e-05 5.5582e-01 1.1163e-04 1.5915e+01
1.0998e-05 5.6706e-01 1.1636e-04 1.4955e+01
1.1228e-05 5.7852e-01 1.2129e-04 1.4053e+01
1.1464e-05 5.9022e-01 1.2643e-04 1.3205e+01
1.1704e-05 6.0215e-01 1.3179e-04 1.2408e+01
1.1949e-05 6.1432e-01 1.3737e-04 1.1660e+01
1.2200e-05 6.2674e-01 1.4319e-04 1.0956e+01
1.2456e-05 6.3941e-01 1.4925e-04 1.0295e+01
1.2717e-05 6.5234e-01 1.5558e-04 9.6740e+00
1.2983e-05 6.6553e-01 1.6217e-04 9.0903e+00
1.3255e-05 6.7898e-01 1.6904e-04 8.5418e+00
1.3533e-05 6.9271e-01 1.7620e-04 8.0264e+00
1.3817e-05 7.0672e-01 1.8366e-04 7.5422e+00
1.4107e-05 7.2100e-01 1.9144e-04 7.0871e+00
1.4402e-05 7.3558e-01 1.9955e-04 6.6595e+00
1.4704e-05 7.5045e-01 2.0800e-04 6.2577e+00
1.5012e-05 7.6562e-01 2.1681e-04 5.8801e+00
1.5327e-05 7.8110e-01 2.2600e-04 5.5254e+00
1.5648e-05 7.9689e-01 2.3557e-04 5.1920e+00
1.5976e-05 8.1301e-01 2.4555e-04 4.8787e+00
1.6311e-05 8.2944e-01 2.5595e-04 4.5844e+00
1.6653e-05 8.4621e-01 2.6679e-04 4.3078e+00
1.7002e-05 8.6332e-01 2.7809e-04 4.0479e+00
1.7358e-05 8.8077e-01 2.8987e-04 3.8036e+00
1.7722e-05 8.9858e-01 3.0215e-04 3.5741e+00
1.8094e-05 9.1675e-01 3.1495e-04 3.3585e+00
1.8473e-05 9.3528e-01 3.2829e-04 3.1559e+00
1.8860e-05 9.5419e-01 3.4220e-04 2.9654e+00
1.9256e-05 9.7348e-01 3.5670e-04 2.7865e+00
1.9659e-05 9.9316e-01 3.7181e-04 2.6184e+00
2.0071e-05 1.0132e+00 3.8756e-04 2.4604e+00
2.0492e-05 1.0337e+00 4.0397e-04 2.3120e+00
2.0921e-05 1.0546e+00 4.2109e-04 2.1725e+00
2.1360e-05 1.0759e+00 4.3892e-04 2.0414e+00
2.1808e-05 1.0977e+00 4.5752e-04 1.9182e+00
2.2265e-05 1.1199e+00 4.7690e-04 1.8025e+00
2.2731e-05 1.1425e+00 4.9710e-04 1.6937e+00
2.3208e-05 1.1656e+00 5.1815e-04 1.5915e+00
2.3694e-05 1.1892e+00 5.4010e-04 1.4955e+00
2.4191e-05 1.2132e+00 5.6298e-04 1.4053e+00
2.4698e-05 1.2378e+00 5.8683e-04 1.3205e+00
2.5216e-05 1.2628e+00 6.1169e-04 1.2408e+00
2.5744e-05 1.2883e+00 6.3760e-04 1.1660e+00
2.6284e-05 1.3144e+00 6.6461e-04 1.0956e+00
2.6835e-05 1.3409e+00 6.9276e-04 1.0295e+00
2.7397e-05 1.3680e+00 7.2211e-04 9.6740e-01
2.7972e-05 1.3957e+00 7.5269e-04 9.0903e-01
2.8558e-05 1.4239e+00 7.8458e-04 8.5418e-01
2.9157e-05 1.4527e+00 8.1781e-04 8.0264e-01
2.9768e-05 1.4821e+00 8.5246e-04 7.5422e-01
3.0392e-05 1.5120e+00 8.8857e-04 7.0871e-01
3.1029e-05 1.5426e+00 9.2621e-04 6.6595e-01
3.1679e-05 1.5738e+00 9.6544e-04 6.2577e-01
3.2343e-05 1.6056e+00 1.0063e-03 5.8801e-01
3.3021e-05 1.6380e+00 1.0490e-03 5.5254e-01
3.3713e-05 1.6712e+00 1.0934e-03 5.1920e-01
3.4420e-05 1.7049e+00 1.1397e-03 4.8787e-01
3.5141e-05 1.7394e+00 1.1880e-03 4.5844e-01
3.5878e-05 1.7746e+00 1.2383e-03 4.3078e-01
3.6630e-05 1.8104e+00 1.2908e-03 4.0479e-01
3.7398e-05 1.8470e+00 1.3454e-03 3.8036e-01
3.8181e-05 1.8844e+00 1.4024e-03 3.5741e-01
3.8982e-05 1.9225e+00 1.4618e-03 3.3585e-01
3.9799e-05 1.9613e+00 1.5238e-03 3.1559e-01
4.0633e-05 2.0010e+00 1.5883e-03 2.9654e-01
4.1485e-05 2.0414e+00 1.6556e-03 2.7865e-01
4.2354e-05 2.0827e+00 1.7257e-03 2.6184e-01
4.3242e-05 2.1248e+00 1.7988e-03 2.4604e-01
4.4148e-05 2.1677e+00 1.8750e-03 2.3120e-01
4.5074e-05 2.2115e+00 1.9544e-03 2.1725e-01
4.6019e-05 2.2562e+00 2.0372e-03 2.0414e-01
4.6983e-05 2.3019e+00 2.1235e-03 1.9182e-01
4.7968e-05 2.3484e+00 2.2135e-03 1.8025e-01
4.8973e-05 2.3958e+00 2.3072e-03 1.6937e-01
5.0000e-05 2.4443e+00 2.4049e-03 1.5915e-01
5.1048e-05 2.4937e+00 2.5068e-03 1.4955e-01
5.2118e-05 2.5441e+00 2.6130e-03 1.4053e-01
5.3210e-05 2.5955e+00 2.7237e-03 1.3205e-01
5.4326e-05 2.6480e+00 2.8390e-03 1.2408e-01
5.5464e-05 2.7015e+00 2.9593e-03 1.1660e-01
5.6627e-05 2.7561e+00 3.0847e-03 1.0956e-01
5.7814e-05 2.8118e+00 3.2153e-03 1.0295e-01
5.9026e-05 2.8686e+00 3.3515e-03 9.6740e-02
6.0263e-05 2.9266e+00 3.4935e-03 9.0903e-02
6.1526e-05 2.9857e+00 3.6414e-03 8.5418e-02
6.2816e-05 3.0461e+00 3.7957e-03 8.0264e-02
6.4132e-05 3.1076e+00 3.9564e-03 7.5422e-02
6.5477e-05 3.1704e+00 4.1240e-03 7.0871e-02
6.6849e-05 3.2345e+00 4.2987e-03 6.6595e-02
6.8250e-05 3.2999e+00 4.4808e-03 6.2577e-02
6.9681e-05 3.3665e+00 4.6706e-03 5.8801e-02
7.1142e-05 3.4346e+00 4.8684e-03 5.5254e-02
7.2633e-05 3.5040e+00 5.0746e-03 5.1920e-02
7.4155e-05 3.5748e+00 5.2895e-03 4.8787e-02
7.5709e-05 3.6470e+00 5.5136e-03 4.5844e-02
7.7296e-05 3.7207e+00 5.7471e-03 4.3078e-02
7.8917e-05 3.7959e+00 5.9905e-03 4.0479e-02
8.0571e-05 3.8726e+00 6.2442e-03 3.8036e-02
8.2260e-05 3.9508e+00 6.5087e-03 3.5741e-02
8.3984e-05 4.0306e+00 6.7843e-03 3.3585e-02
8.5744e-05 4.1121e+00 7.0717e-03 3.1559e-02
8.7541e-05 4.1951e+00 7.3712e-03 2.9654e-02
8.9376e-05 4.2799e+00 7.6834e-03 2.7865e-02
9.1250e-05 4.3663e+00 8.0088e-03 2.6184e-02
9.3162e-05 4.4545e+00 8.3480e-03 2.4604e-02
9.5115e-05 4.5445e+00 8.7015e-03 2.3120e-02
9.7109e-05 4.6363e+00 9.0700e-03 2.1725e-02
9.9144e-05 4.7300e+00 9.4542e-03 2.0414e-02
1.0122e-04 4.8255e+00 9.8545e-03 1.9182e-02
1.0334e-04 4.9229e+00 1.0272e-02 1.8025e-02
1.0551e-04 5.0224e+00 1.0707e-02 1.6937e-02
1.0772e-04 5.1238e+00 1.1160e-02 1.5915e-02
1.0998e-04 5.2273e+00 1.1633e-02 1.4955e-02
1.1228e-04 5.3328e+00 1.2126e-02 1.4053e-02
1.1464e-04 5.4405e+00 1.2639e-02 1.3205e-02
1.1704e-04 5.5503e+00 1.3174e-02 1.2408e-02
1.1949e-04 5.6624e+00 1.3732e-02 1.1660e-02
1.2200e-04 5.7767e+00 1.4314e-02 1.0956e-02
1.2456e-04 5.8933e+00 1.4920e-02 1.0295e-02
1.2717e-04 6.0123e+00 1.5552e-02 9.6740e-03
1.2983e-04 6.1336e+00 1.6210e-02 9.0903e-03
1.3255e-04 6.2574e+00 1.6896e-02 8.5418e-03
1.3533e-04 6.3837e+00 1.7612e-02 8.0264e-03
1.3817e-04 6.5125e+00 1.8358e-02 7.5422e-03
1.4107e-04 6.6439e+00 1.9135e-02 7.0871e-03
1.4402e-04 6.7780e+00 1.9945e-02 6.6595e-03
1.4704e-04 6.9147e+00 2.0789e-02 6.2577e-03
1.5012e-04 7.0542e+00 2.1670e-02 5.8801e-03
1.5327e-04 7.1965e+00 2.2587e-02 5.5254e-03
1.5648e-04 7.3417e+00 2.3543e-02 5.1920e-03
1.5976e-04 7.4897e+00 2.4540e-02 4.8787e-03
1.6311e-04 7.6407e+00 2.5579e-02 4.5844e-03
1.6653e-04 7.7948e+00 2.6662e-02 4.3078e-03
1.7002e-04 7.9519e+00 2.7790e-02 4.0479e-03
1.7358e-04 8.1122e+00 2.8967e-02 3.8036e-03
1.7722e-04 8.2758e+00 3.0193e-02 3.5741e-03
1.8094e-04 8.4425e+00 3.1471e-02 3.3585e-03
1.8473e-04 8.6127e+00 3.2803e-02 3.1559e-03
1.8860e-04 8.7862e+00 3.4191e-02 2.9654e-03
1.9256e-04 8.9632e+00 3.5638e-02 2.7865e-03
1.9659e-04 9.1437e+00 3.7147e-02 2.6184e-03
2.0071e-04 9.3279e+00 3.8719e-02 2.4604e-03
2.0492e-04 9.5157e+00 4.0357e-02 2.3120e-03
2.0921e-04 9.7073e+00 4.2065e-02 2.1725e-03
2.1360e-04 9.9027e+00 4.3845e-02 2.0414e-03
2.1808e-04 1.0102e+01 4.5700e-02 1.9182e-03
2.2265e-04 1.0305e+01 4.7634e-02 1.8025e-03
2.2731e-04 1.0513e+01 4.9649e-02 1.6937e-03
2.3208e-04 1.0724e+01 5.1750e-02 1.5915e-03
2.3694e-04 1.0940e+01 5.3939e-02 1.4955e-03
2.4191e-04 1.1160e+01 5.6221e-02 1.4053e-03
2.4698e-04 1.1384e+01 5.8599e-02 1.3205e-03
2.5216e-04 1.1613e+01 6.1078e-02 1.2408e-03
2.5744e-04 1.1846e+01 6.3661e-02 1.1660e-03
2.6284e-04 1.2084e+01 6.6354e-02 1.0956e-03
2.6835e-04 1.2327e+01 6.9160e-02 1.0295e-03
2.7397e-04 1.2574e+01 7.2084e-02 9.6740e-04
2.7972e-04 1.2826e+01 7.5132e-02 9.0903e-04
2.8558e-04 1.3084e+01 7.8309e-02 8.5418e-04
2.9157e-04 1.3346e+01 8.1620e-02 8.0264e-04
2.9768e-04 1.3614e+01 8.5071e-02 7.5422e-04
3.0392e-04 1.3887e+01 8.8667e-02 7.0871e-04
3.1029e-04 1.4165e+01 9.2415e-02 6.6595e-04
3.1679e-04 1.4449e+01 9.6321e-02 6.2577e-04
3.2343e-04 1.4738e+01 1.0039e-01 5.8801e-04
3.3021e-04 1.5033e+01 1.0463e-01 5.5254e-04
3.3713e-04 1.5334e+01 1.0905e-01 5.1920e-04
3.4420e-04 1.5641e+01 1.1366e-01 4.8787e-04
3.5141e-04 1.5953e+01 1.1846e-01 4.5844e-04
3.5878e-04 1.6272e+01 1.2347e-01 4.3078e-04
3.6630e-04 1.6597e+01 1.2868e-01 4.0479e-04
3.7398e-04 1.6928e+01 1.3412e-01 3.8036e-04
3.8181e-04 1.7266e+01 1.3978e-01 3.5741e-04
3.8982e-04 1.7611e+01 1.4568e-01 3.3585e-04
3.9799e-04 1.7962e+01 1.5183e-01 3.1559e-04
4.0633e-04 1.8320e+01 1.5824e-01 2.9654e-04
4.1485e-04 1.8685e+01 1.6492e-01 2.7865e-04
4.2354e-04 1.9056e+01 1.7188e-01 2.6184e-04
4.3242e-04 1.9435e+01 1.7913e-01 2.4604e-04
4.4148e-04 1.9822e+01 1.8669e-01 2.3120e-04
4.5074e-04 2.0216e+01 1.9457e-01 2.1725e-04
4.6019e-04 2.0617e+01 2.0277e-01 2.0414e-04
4.6983e-04 2.1026e+01 2.1132e-01 1.9182e-04
4.7968e-04 2.1443e+01 2.2023e-01 1.8025e-04
4.8973e-04 2.1868e+01 2.2952e-01 1.6937e-04
5.0000e-04 2.2301e+01 2.3919e-01 1.5915e-04
5.1048e-04 2.2742e+01 2.4927e-01 1.4955e-04
5.2118e-04 2.3192e+01 2.5977e-01 1.4053e-04
5.3210e-04 2.3650e+01 2.7071e-01 1.3205e-04
5.4326e-04 2.4117e+01 2.8212e-01 1.2408e-04
5.5464e-04 2.4593e+01 2.9400e-01 1.1660e-04
5.6627e-04 2.5077e+01 3.0637e-01 1.0956e-04
5.7814e-04 2.5571e+01 3.1927e-01 1.0295e-04
5.9026e-04 2.6074e+01 3.3270e-01 9.6740e-05
6.0263e-04 2.6586e+01 3.4670e-01 9.0903e-05
6.1526e-04 2.7108e+01 3.6128e-01 8.5418e-05
6.2816e-04 2.7640e+01 3.7647e-01 8.0264e-05
6.4132e-04 2.8181e+01 3.9230e-01 7.5422e-05
6.5477e-04 2.8733e+01 4.0879e-01 7.0871e-05
6.6849e-04 2.9294e+01 4.2597e-01 6.6595e-05
6.8250e-04 2.9867e+01 4.4386e-01 6.2577e-05
6.9681e-04 3.0449e+01 4.6250e-01 5.8801e-05
7.1142e-04 3.1042e+01 4.8192e-01 5.5254e-05
7.2633e-04 3.1646e+01 5.0215e-01 5.1920e-05
7.4155e-04 3.2261e+01 5.2322e-01 4.8787e-05
7.5709e-04 3.2887e+01 5.4516e-01 4.5844e-05
7.7296e-04 3.3525e+01 5.6803e-01 4.3078e-05
7.8917e-04 3.4174e+01 5.9184e-01 4.0479e-05
8.0571e-04 3.4834e+01 6.1664e-01 3.8036e-05
8.2260e-04 3.5506e+01 6.4247e-01 3.5741e-05
8.3984e-04 3.6191e+01 6.6938e-01 3.3585e-05
8.5744e-04 3.6887e+01 6.9740e-01 3.1559e-05
8.7541e-04 3.7596e+01 7.2658e-01 2.9654e-05
8.9376e-04 3.8317e+01 7.5697e-01 2.7865e-05
9.1250e-04 3.9050e+01 7.8862e-01 2.6184e-05
9.3162e-04 3.9797e+01 8.2159e-01 2.4604e-05
9.5115e-04 4.0556e+01 8.5591e-01 2.3120e-05
9.7109e-04 4.1329e+01 8.9166e-01 2.1725e-05
9.9144e-04 4.2114e+01 9.2888e-01 2.0414e-05
1.0122e-03 4.2913e+01 9.6763e-01 1.9182e-05
1.0334e-03 4.3726e+01 1.0080e+00 1.8025e-05
1.0551e-03 4.4552e+01 1.0500e+00 1.6937e-05
1.0772e-03 4.5392e+01 1.0938e+00 1.5915e-05
1.0998e-03 4.6246e+01 1.1393e+00 1.4955e-05
1.1228e-03 4.7114e+01 1.1867e+00 1.4053e-05
1.1464e-03 4.7997e+01 1.2361e+00 1.3205e-05
1.1704e-03 4.8894e+01 1.2875e+00 1.2408e-05
1.1949e-03 4.9805e+01 1.3410e+00 1.1660e-05
1.2200e-03 5.0731e+01 1.3967e+00 1.0956e-05
1.2456e-03 5.1672e+01 1.4547e+00 1.0295e-05
1.2717e-03 5.2628e+01 1.5150e+00 9.6740e-06
1.2983e-03 5.3599e+01 1.5778e+00 9.0903e-06
1.3255e-03 5.4585e+01 1.6432e+00 8.5418e-06
1.3533e-03 5.5587e+01 1.7112e+00 8.0264e-06
1.3817e-03 5.6604e+01 1.7820e+00 7.5422e-06
1.4107e-03 5.7636e+01 1.8557e+00 7.0871e-06
1.4402e-03 5.8684e+01 1.9324e+00 6.6595e-06
1.4704e-03 5.9747e+01 2.0122e+00 6.2577e-06
1.5012e-03 6.0827e+01 2.0952e+00 5.8801e-06
1.5327e-03 6.1922e+01 2.1816e+00 5.5254e-06
1.5648e-03 6.3033e+01 2.2715e+00 5.1920e-06
1.5976e-03 6.4160e+01 2.3650e+00 4.8787e-06
1.6311e-03 6.5303e+01 2.4622e+00 4.5844e-06
1.6653e-03 6.6463e+01 2.5634e+00 4.3078e-06
1.7002e-03 6.7638e+01 2.6687e+00 4.0479e-06
1.7358e-03 6.8829e+01 2.7782e+00 3.8036e-06
1.7722e-03 7.0037e+01 2.8921e+00 3.5741e-06
1.8094e-03 7.1261e+01 3.0106e+00 3.3585e-06
1.8473e-03 7.2501e+01 3.1337e+00 3.1559e-06
1.8860e-03 7.3757e+01 3.2619e+00 2.9654e-06
1.9256e-03 7.5029e+01 3.3951e+00 2.7865e-06
1.9659e-03 7.6317e+01 3.5336e+00 2.6184e-06
2.0071e-03 7.7622e+01 3.6776e+00 2.4604e-06
2.0492e-03 7.8942e+01 3.8274e+00 2.3120e-06
2.0921e-03 8.0278e+01 3.9831e+00 2.1725e-06
2.1360e-03 8.1630e+01 4.1450e+00 2.0414e-06
2.1808e-03 8.2998e+01 4.3132e+00 1.9182e-06
2.2265e-03 8.4382e+01 4.4881e+00 1.8025e-06
2.2731e-03 8.5781e+01 4.6699e+00 1.6937e-06
2.3208e-03 8.7195e+01 4.8588e+00 1.5915e-06
2.3694e-03 8.8624e+01 5.0551e+00 1.4955e-06
2.4191e-03 9.0069e+01 5.2591e+00 1.4053e-06
2.4698e-03 9.1528e+01 5.4711e+00 1.3205e-06
2.5216e-03 9.3002e+01 5.6913e+00 1.2408e-06
2.5744e-03 9.4490e+01 5.9201e+00 1.1660e-06
2.6284e-03 9.5992e+01 6.1578e+00 1.0956e-06
2.6835e-03 9.7509e+01 6.4048e+00 1.0295e-06
2.7397e-03 9.9038e+01 6.6612e+00 9.6740e-07
2.7972e-03 1.0058e+02 6.9276e+00 9.0903e-07
2.8558e-03 1.0214e+02 7.2042e+00 8.5418e-07
2.9157e-03 1.0371e+02 7.4915e+00 8.0264e-07
2.9768e-03 1.0529e+02 7.7898e+00 7.5422e-07
3.0392e-03 1.0688e+02 8.0995e+00 7.0871e-07
3.1029e-03 1.0848e+02 8.4209e+00 6.6595e-07
3.1679e-03 1.1010e+02 8.7547e+00 6.2577e-07
3.2343e-03 1.1172e+02 9.1011e+00 5.8801e-07
3.3021e-03 1.1336e+02 9.4606e+00 5.5254e-07
3.3713e-03 1.1500e+02 9.8337e+00 5.1920e-07
3.4420e-03 1.1665e+02 1.0221e+01 4.8787e-07
3.5141e-03 1.1831e+02 1.0623e+01 4.5844e-07
3.5878e-03 1.1998e+02 1.1039e+01 4.3078e-07
3.6630e-03 1.2166e+02 1.1472e+01 4.0479e-07
3.7398e-03 1.2334e+02 1.1920e+01 3.8036e-07
3.8181e-03 1.2502e+02 1.2385e+01 3.5741e-07
3.8982e-03 1.2672e+02 1.2867e+01 3.3585e-07
3.9799e-03 1.2841e+02 1.3367e+01 3.1559e-07
4.0633e-03 1.3011e+02 1.3886e+01 2.9654e-07
4.1485e-03 1.3181e+02 1.4423e+01 2.7865e-07
4.2354e-03 1.3352e+02 1.4981e+01 2.6184e-07
4.3242e-03 1.3522e+02 1.5558e+01 2.4604e-07
4.4148e-03 1.3692e+02 1.6156e+01 2.3120e-07
4.5074e-03 1.3863e+02 1.6776e+01 2.1725e-07
4.6019e-03 1.4032e+02 1.7418e+01 2.0414e-07
4.6983e-03 1.4202e+02 1.8084e+01 1.9182e-07
4.7968e-03 1.4371e+02 1.8773e+01 1.8025e-07
4.8973e-03 1.4539e+02 1.9486e+01 1.6937e-07
5.0000e-03 1.4706e+02 2.0225e+01 1.5915e-07
5.1048e-03 1.4873e+02 2.0989e+01 1.4955e-07
5.2118e-03 1.5039e+02 2.1781e+01 1.4053e-07
5.3210e-03 1.5203e+02 2.2600e+01 1.3205e-07
5.4326e-03 1.5367e+02 2.3448e+01 1.2408e-07
5.5464e-03 1.5528e+02 2.4325e+01 1.1660e-07
5.6627e-03 1.5689e+02 2.5232e+01 1.0956e-07
5.7814e-03 1.5848e+02 2.6171e+01 1.0295e-07
5.9026e-03 1.6005e+02 2.7141e+01 9.6740e-08
6.0263e-03 1.6160e+02 2.8144e+01 9.0903e-08
6.1526e-03 1.6312e+02 2.9181e+01 8.5418e-08
6.2816e-03 1.6463e+02 3.0253e+01 8.0264e-08
6.4132e-03 1.6611e+02 3.1361e+01 7.5422e-08
6.5477e-03 1.6756e+02 3.2505e+01 7.0871e-08
6.6849e-03 1.6899e+02 3.3687e+01 6.6595e-08
6.8250e-03 1.7038e+02 3.4907e+01 6.2577e-08
6.9681e-03 1.7174e+02 3.6167e+01 5.8801e-08
7.1142e-03 1.7307e+02 3.7468e+01 5.5254e-08
7.2633e-03 1.7436e+02 3.8810e+01 5.1920e-08
7.4155e-03 1.7561e+02 4.0194e+01 4.8787e-08
7.5709e-03 1.7682e+02 4.1623e+01 4.5844e-08
7.7296e-03 1.7799e+02 4.3096e+01 4.3078e-08
7.8917e-03 1.7912e+02 4.4614e+01 4.0479e-08
8.0571e-03 1.8020e+02 4.6179e+01 3.8036e-08
8.2260e-03 1.8122e+02 4.7792e+01 3.5741e-08
8.3984e-03 1.8220e+02 4.9454e+01 3.3585e-08
8.5744e-03 1.8313e+02 5.1165e+01 3.1559e-08
8.7541e-03 1.8400e+02 5.2926e+01 2.9654e-08
8.9376e-03 1.8481e+02 5.4739e+01 2.7865e-08
9.1250e-03 1.8556e+02 5.6604e+01 2.6184e-08
9.3162e-03 1.8625e+02 5.8523e+01 2.4604e-08
9.5115e-03 1.8687e+02 6.0495e+01 2.3120e-08
9.7109e-03 1.8743e+02 6.2523e+01 2.1725e-08
9.9144e-03 1.8791e+02 6.4606e+01 2.0414e-08
1.0122e-02 1.8833e+02 6.6746e+01 1.9182e-08
1.0334e-02 1.8867e+02 6.8943e+01 1.8025e-08
1.0551e-02 1.8894e+02 7.1198e+01 1.6937e-08
1.0772e-02 1.8913e+02 7.3512e+01 1.5915e-08
1.0998e-02 1.8923e+02 7.5884e+01 1.4955e-08
1.1228e-02 1.8926e+02 7.8316e+01 1.4053e-08
1.1464e-02 1.8920e+02 8.0808e+01 1.3205e-08
1.1704e-02 1.8905e+02 8.3360e+01 1.2408e-08
1.1949e-02 1.8882e+02 8.5973e+01 1.1660e-08
1.2200e-02 1.8850e+02 8.8647e+01 1.0956e-08
1.2456e-02 1.8808e+02 9.1381e+01 1.0295e-08
1.2717e-02 1.8758e+02 9.4177e+01 9.6740e-09
1.2983e-02 1.8698e+02 9.7033e+01 9.0903e-09
1.3255e-02 1.8628e+02 9.9950e+01 8.5418e-09
1.3533e-02 1.8549e+02 1.0293e+02 8.0264e-09
1.3817e-02 1.8461e+02 1.0597e+02 7.5422e-09
1.4107e-02 1.8363e+02 1.0906e+02 7.0871e-09
1.4402e-02 1.8255e+02 1.1222e+02 6.6595e-09
1.4704e-02 1.8137e+02 1.1544e+02 6.2577e-09
1.5012e-02 1.8010e+02 1.1871e+02 5.8801e-09
1.5327e-02 1.7874e+02 1.2204e+02 5.5254e-09
1.5648e-02 1.7728e+02 1.2543e+02 5.1920e-09
1.5976e-02 1.7572e+02 1.2887e+02 4.8787e-09
1.6311e-02 1.7408e+02 1.3237e+02 4.5844e-09
1.6653e-02 1.7234e+02 1.3592e+02 4.3078e-09
1.7002e-02 1.7052e+02 1.3952e+02 4.0479e-09
1.7358e-02 1.6861e+02 1.4318e+02 3.8036e-09
1.7722e-02 1.6662e+02 1.4688e+02 3.5741e-09
1.8094e-02 1.6456e+02 1.5064e+02 3.3585e-09
1.8473e-02 1.6242e+02 1.5444e+02 3.1559e-09
1.8860e-02 1.6021e+02 1.5829e+02 2.9654e-09
1.9256e-02 1.5794e+02 1.6219e+02 2.7865e-09
1.9659e-02 1.5561e+02 1.6614e+02 2.6184e-09
2.0071e-02 1.5322e+02 1.7013e+02 2.4604e-09
2.0492e-02 1.5078e+02 1.7417e+02 2.3120e-09
2.0921e-02 1.4831e+02 1.7826e+02 2.1725e-09
2.1360e-02 1.4579e+02 1.8240e+02 2.0414e-09
2.1808e-02 1.4325e+02 1.8658e+02 1.9182e-09
2.2265e-02 1.4069e+02 1.9082e+02 1.8025e-09
2.2731e-02 1.3811e+02 1.9511e+02 1.6937e-09
2.3208e-02 1.3553e+02 1.9945e+02 1.5915e-09
2.3694e-02 1.3294e+02 2.0386e+02 1.4955e-09
2.4191e-02 1.3036e+02 2.0833e+02 1.4053e-09
2.4698e-02 1.2780e+02 2.1287e+02 1.3205e-09
2.5216e-02 1.2526e+02 2.1748e+02 1.2408e-09
2.5744e-02 1.2275e+02 2.2217e+02 1.1660e-09
2.6284e-02 1.2028e+02 2.2696e+02 1.0956e-09
2.6835e-02 1.1785e+02 2.3185e+02 1.0295e-09
2.7397e-02 1.1548e+02 2.3684e+02 9.6740e-10
2.7972e-02 1.1316e+02 2.4195e+02 9.0903e-10
2.8558e-02 1.1090e+02 2.4718e+02 8.5418e-10
2.9157e-02 1.0871e+02 2.5255e+02 8.0264e-10
2.9768e-02 1.0657e+02 2.5806e+02 7.5422e-10
3.0392e-02 1.0451e+02 2.6372e+02 7.0871e-10
3.1029e-02 1.0254e+02 2.6957e+02 6.6595e-10
3.1679e-02 1.0064e+02 2.7561e+02 6.2577e-10
3.2343e-02 9.8846e+01 2.8187e+02 5.8801e-10
3.3021e-02 9.7142e+01 2.8837e+02 5.5254e-10
3.3713e-02 9.5525e+01 2.9511e+02 5.1920e-10
3.4420e-02 9.3987e+01 3.0208e+02 4.8787e-10
3.5141e-02 9.2519e+01 3.0930e+02 4.5844e-10
3.5878e-02 9.1113e+01 3.1676e+02 4.3078e-10
3.6630e-02 8.9764e+01 3.2446e+02 4.0479e-10
3.7398e-02 8.8465e+01 3.3240e+02 3.8036e-10
3.8181e-02 8.7208e+01 3.4059e+02 3.5741e-10
3.8982e-02 8.5987e+01 3.4901e+02 3.3585e-10
3.9799e-02 8.4793e+01 3.5766e+02 3.1559e-10
4.0633e-02 8.3617e+01 3.6653e+02 2.9654e-10
4.1485e-02 8.2450e+01 3.7560e+02 2.7865e-10
4.2354e-02 8.1280e+01 3.8486e+02 2.6184e-10
4.3242e-02 8.0096e+01 3.9426e+02 2.4604e-10
4.4148e-02 7.8886e+01 4.0379e+02 2.3120e-10
4.5074e-02 7.7637e+01 4.1339e+02 2.1725e-10
4.6019e-02 7.6332e+01 4.2301e+02 2.0414e-10
4.6983e-02 7.4956e+01 4.3258e+02 1.9182e-10
4.7968e-02 7.3497e+01 4.4205e+02 1.8025e-10
4.8973e-02 7.1949e+01 4.5136e+02 1.6937e-10
5.0000e-02 7.0305e+01 4.6044e+02 1.5915e-10
5.1048e-02 6.8566e+01 4.6925e+02 1.4955e-10
5.2118e-02 6.6736e+01 4.7775e+02 1.4053e-10
5.3210e-02 6.4824e+01 4.8592e+02 1.3205e-10
5.4326e-02 6.2841e+01 4.9373e+02 1.2408e-10
5.5464e-02 6.0806e+01 5.0120e+02 1.1660e-10
5.6627e-02 5.8736e+01 5.0835e+02 1.0956e-10
5.7814e-02 5.6650e+01 5.1521e+02 1.0295e-10
5.9026e-02 5.4570e+01 5.2183e+02 9.6740e-11
6.0263e-02 5.2515e+01 5.2828e+02 9.0903e-11
6.1526e-02 5.0505e+01 5.3464e+02 8.5418e-11
6.2816e-02 4.8559e+01 5.4101e+02 8.0264e-11
6.4132e-02 4.6697e+01 5.4750e+02 7.5422e-11
6.5477e-02 4.4936e+01 5.5425e+02 7.0871e-11
6.6849e-02 4.3291e+01 5.6141e+02 6.6595e-11
6.8250e-02 4.1777e+01 5.6915e+02 6.2577e-11
6.9681e-02 4.0405e+01 5.7762e+02 5.8801e-11
7.1142e-02 3.9176e+01 5.8696e+02 5.5254e-11
7.2633e-02 3.8091e+01 5.9728e+02 5.1920e-11
7.4155e-02 3.7140e+01 6.0864e+02 4.8787e-11
7.5709e-02 3.6306e+01 6.2102e+02 4.5844e-11
7.7296e-02 3.5570e+01 6.3435e+02 4.3078e-11
7.8917e-02 3.4905e+01 6.4848e+02 4.0479e-11
8.0571e-02 3.4281e+01 6.6322e+02 3.8036e-11
8.2260e-02 3.3670e+01 6.7830e+02 3.5741e-11
8.3984e-02 3.3041e+01 6.9342e+02 3.3585e-11
8.5744e-02 3.2369e+01 7.0829e+02 3.1559e-11
8.7541e-02 3.1633e+01 7.2258e+02 2.9654e-11
8.9376e-02 3.0817e+01 7.3601e+02 2.7865e-11
9.1250e-02 2.9915e+01 7.4835e+02 2.6184e-11
9.3162e-02 2.8929e+01 7.5944e+02 2.4604e-11
9.5115e-02 2.7868e+01 7.6922e+02 2.3120e-11
9.7109e-02 2.6749e+01 7.7772e+02 2.1725e-11
9.9144e-02 2.5594e+01 7.8507e+02 2.0414e-11
1.0122e-01 2.4430e+01 7.9155e+02 1.9182e-11
1.0334e-01 2.3289e+01 7.9756e+02 1.8025e-11
1.0551e-01 2.2203e+01 8.0365e+02 1.6937e-11
1.0772e-01 2.1203e+01 8.1045e+02 1.5915e-11
1.0998e-01 2.0311e+01 8.1859e+02 1.4955e-11
1.1228e-01 1.9539e+01 8.2856e+02 1.4053e-11
1.1464e-01 1.8884e+01 8.4061e+02 1.3205e-11
1.1704e-01 1.8332e+01 8.5471e+02 1.2408e-11
1.1949e-01 1.7860e+01 8.7061e+02 1.1660e-11
1.2200e-01 1.7442e+01 8.8788e+02 1.0956e-11
1.2456e-01 1.7050e+01 9.0592e+02 1.0295e-11
1.2717e-01 1.6654e+01 9.2399e+02 9.6740e-12
1.2983e-01 1.6227e+01 9.4123e+02 9.0903e-12
1.3255e-01 1.5746e+01 9.5681e+02 8.5418e-12
1.3533e-01 1.5200e+01 9.7017e+02 8.0264e-12
1.3817e-01 1.4598e+01 9.8114e+02 7.5422e-12
1.4107e-01 1.3956e+01 9.9002e+02 7.0871e-12
1.4402e-01 1.3303e+01 9.9747e+02 6.6595e-12
1.4704e-01 1.2665e+01 1.0044e+03 6.2577e-12
1.5012e-01 1.2069e+01 1.0119e+03 5.8801e-12
1.5327e-01 1.1536e+01 1.0209e+03 5.5254e-12
1.5648e-01 1.1074e+01 1.0322e+03 5.1920e-12
1.5976e-01 1.0683e+01 1.0462e+03 4.8787e-12
1.6311e-01 1.0349e+01 1.0627e+03 4.5844e-12
1.6653e-01 1.0051e+01 1.0808e+03 4.3078e-12
1.7002e-01 9.7657e+00 1.0994e+03 4.0479e-12
1.7358e-01 9.4672e+00 1.1171e+03 3.8036e-12
1.7722e-01 9.1395e+00 1.1327e+03 3.5741e-12
1.8094e-01 8.7804e+00 1.1457e+03 3.3585e-12
1.8473e-01 8.4002e+00 1.1565e+03 3.1559e-12
1.8860e-01 8.0151e+00 1.1658e+03 2.9654e-12
1.9256e-01 7.6427e+00 1.1748e+03 2.7865e-12
1.9659e-01 7.2999e+00 1.1849e+03 2.6184e-12
2.0071e-01 6.9975e+00 1.1972e+03 2.4604e-12
2.0492e-01 6.7349e+00 1.2120e+03 2.3120e-12
2.0921e-01 6.5007e+00 1.2289e+03 2.1725e-12
2.1360e-01 6.2796e+00 1.2464e+03 2.0414e-12
2.1808e-01 6.0579e+00 1.2634e+03 1.9182e-12
2.2265e-01 5.8264e+00 1.2786e+03 1.8025e-12
2.2731e-01 5.5834e+00 1.2917e+03 1.6937e-12
2.3208e-01 5.3360e+00 1.3031e+03 1.5915e-12
2.3694e-01 5.0963e+00 1.3143e+03 1.4955e-12
2.4191e-01 4.8737e+00 1.3263e+03 1.4053e-12
2.4698e-01 4.6719e+00 1.3401e+03 1.3205e-12
2.5216e-01 4.4890e+00 1.3556e+03 1.2408e-12
2.5744e-01 4.3183e+00 1.3721e+03 1.1660e-12
2.6284e-01 4.1512e+00 1.3884e+03 1.0956e-12
2.6835e-01 3.9822e+00 1.4033e+03 1.0295e-12
2.7397e-01 3.8118e+00 1.4168e+03 9.6740e-13
2.7972e-01 3.6444e+00 1.4297e+03 9.0903e-13
2.8558e-01 3.4849e+00 1.4427e+03 8.5418e-13
2.9157e-01 3.3367e+00 1.4569e+03 8.0264e-13
2.9768e-01 3.1993e+00 1.4722e+03 7.5422e-13
3.0392e-01 3.0687e+00 1.4880e+03 7.0871e-13
3.1029e-01 2.9417e+00 1.5034e+03 6.6595e-13
3.1679e-01 2.8163e+00 1.5181e+03 6.2577e-13
3.2343e-01 2.6933e+00 1.5320e+03 5.8801e-13
3.3021e-01 2.5756e+00 1.5461e+03 5.5254e-13
3.3713e-01 2.4643e+00 1.5607e+03 5.1920e-13
3.4420e-01 2.3593e+00 1.5759e+03 4.8787e-13
3.5141e-01 2.2591e+00 1.5914e+03 4.5844e-13
3.5878e-01 2.1617e+00 1.6065e+03 4.3078e-13
3.6630e-01 2.0673e+00 1.6213e+03 4.0479e-13
3.7398e-01 1.9763e+00 1.6359e+03 3.8036e-13
3.8181e-01 1.8897e+00 1.6508e+03 3.5741e-13
3.8982e-01 1.8072e+00 1.6660e+03 3.3585e-13
3.9799e-01 1.7284e+00 1.6814e+03 3.1559e-13
4.0633e-01 1.6524e+00 1.6966e+03 2.9654e-13
4.1485e-01 1.5792e+00 1.7116e+03 2.7865e-13
4.2354e-01 1.5091e+00 1.7267e+03 2.6184e-13
4.3242e-01 1.4421e+00 1.7419e+03 2.4604e-13
4.4148e-01 1.3781e+00 1.7573e+03 2.3120e-13
4.5074e-01 1.3168e+00 1.7727e+03 2.1725e-13
4.6019e-01 1.2581e+00 1.7881e+03 2.0414e-13
4.6983e-01 1.2017e+00 1.8035e+03 1.9182e-13
4.7968e-01 1.1478e+00 1.8189e+03 1.8025e-13
4.8973e-01 1.0961e+00 1.8344e+03 1.6937e-13
5.0000e-01 1.0466e+00 1.8498e+03 1.5915e-13
5.1048e-01 9.9925e-01 1.8653e+03 1.4955e-13
5.2118e-01 9.5391e-01 1.8807e+03 1.4053e-13
5.3210e-01 9.1054e-01 1.8962e+03 1.3205e-13
5.4326e-01 8.6905e-01 1.9118e+03 1.2408e-13
5.5464e-01 8.2937e-01 1.9274e+03 1.1660e-13
5.6627e-01 7.9143e-01 1.9430e+03 1.0956e-13
5.7814e-01 7.5516e-01 1.9586e+03 1.0295e-13
5.9026e-01 7.2048e-01 1.9743e+03 9.6740e-14
6.0263e-01 6.8733e-01 1.9900e+03 9.0903e-14
6.1526e-01 6.5564e-01 2.0058e+03 8.5418e-14
6.2816e-01 6.2535e-01 2.0215e+03 8.0264e-14
6.4132e-01 5.9641e-01 2.0373e+03 7.5422e-14
6.5477e-01 5.6875e-01 2.0532e+03 7.0871e-14
6.6849e-01 5.4233e-01 2.0690e+03 6.6595e-14
6.8250e-01 5.1708e-01 2.0849e+03 6.2577e-14
6.9681e-01 4.9296e-01 2.1008e+03 5.8801e-14
7.1142e-01 4.6992e-01 2.1167e+03 5.5254e-14
7.2633e-01 4.4792e-01 2.1327e+03 5.1920e-14
7.4155e-01 4.2691e-01 2.1486e+03 4.8787e-14
7.5709e-01 4.0684e-01 2.1646e+03 4.5844e-14
7.7296e-01 3.8769e-01 2.1806e+03 4.3078e-14
7.8917e-01 3.6940e-01 2.1966e+03 4.0479e-14
8.0571e-01 3.5195e-01 2.2127e+03 3.8036e-14
8.2260e-01 3.3529e-01 2.2287e+03 3.5741e-14
8.3984e-01 3.1939e-01 2.2448e+03 3.3585e-14
8.5744e-01 3.0422e-01 2.2609e+03 3.1559e-14
8.7541e-01 2.8975e-01 2.2771e+03 2.9654e-14
8.9376e-01 2.7594e-01 2.2932e+03 2.7865e-14
9.1250e-01 2.6277e-01 2.3094e+03 2.6184e-14
9.3162e-01 2.5021e-01 2.3256e+03 2.4604e-14
9.5115e-01 2.3823e-01 2.3418e+03 2.3120e-14
9.7109e-01 2.2680e-01 2.3580e+03 2.1725e-14
9.9144e-01 2.1591e-01 2.3742e+03 2.0414e-14
1.0122e+00 2.0552e-01 2.3905e+03 1.9182e-14
1.0334e+00 1.9562e-01 2.4068e+03 1.8025e-14
1.0551e+00 1.8618e-01 2.4231e+03 1.6937e-14
1.0772e+00 1.7718e-01 2.4394e+03 1.5915e-14
1.0998e+00 1.6860e-01 2.4558e+03 1.4955e-14
1.1228e+00 1.6043e-01 2.4721e+03 1.4053e-14
1.1464e+00 1.5264e-01 2.4885e+03 1.3205e-14
1.1704e+00 1.4522e-01 2.5049e+03 1.2408e-14
1.1949e+00 1.3815e-01 2.5213e+03 1.1660e-14
1.2200e+00 1.3142e-01 2.5377e+03 1.0956e-14
1.2456e+00 1.2500e-01 2.5541e+03 1.0295e-14
1.2717e+00 1.1889e-01 2.5706e+03 9.6740e-15
1.2983e+00 1.1307e-01 2.5870e+03 9.0903e-15
1.3255e+00 1.0753e-01 2.6035e+03 8.5418e-15
1.3533e+00 1.0225e-01 2.6200e+03 8.0264e-15
1.3817e+00 9.7226e-02 2.6365e+03 7.5422e-15
1.4107e+00 9.2441e-02 2.6530e+03 7.0871e-15
1.4402e+00 8.7886e-02 2.6696e+03 6.6595e-15
1.4704e+00 8.3550e-02 2.6861e+03 6.2577e-15
1.5012e+00 7.9422e-02 2.7027e+03 5.8801e-15
1.5327e+00 7.5494e-02 2.7193e+03 5.5254e-15
1.5648e+00 7.1755e-02 2.7359e+03 5.1920e-15
1.5976e+00 6.8197e-02 2.7525e+03 4.8787e-15
1.6311e+00 6.4811e-02 2.7691e+03 4.5844e-15
1.6653e+00 6.1590e-02 2.7857e+03 4.3078e-15
1.7002e+00 5.8525e-02 2.8024e+03 4.0479e-15
1.7358e+00 5.5609e-02 2.8190e+03 3.8036e-15
1.7722e+00 5.2835e-02 2.8357e+03 3.5741e-15
1.8094e+00 5.0196e-02 2.8524e+03 3.3585e-15
1.8473e+00 4.7687e-02 2.8691e+03 3.1559e-15
1.8860e+00 4.5300e-02 2.8858e+03 2.9654e-15
1.9256e+00 4.3030e-02 2.9025e+03 2.7865e-15
1.9659e+00 4.0871e-02 2.9192e+03 2.6184e-15
2.0071e+00 3.8819e-02 2.9360e+03 2.4604e-15
2.0492e+00 3.6867e-02 2.9527e+03 2.3120e-15
2.0921e+00 3.5012e-02 2.9695e+03 2.1725e-15
2.1360e+00 3.3248e-02 2.9862e+03 2.0414e-15
2.1808e+00 3.1571e-02 3.0030e+03 1.9182e-15
2.2265e+00 2.9977e-02 3.0198e+03 1.8025e-15
2.2731e+00 2.8462e-02 3.0366e+03 1.6937e-15
2.3208e+00 2.7022e-02 3.0534e+03 1.5915e-15
2.3694e+00 2.5653e-02 3.0703e+03 1.4955e-15
2.4191e+00 2.4353e-02 3.0871e+03 1.4053e-15
2.4698e+00 2.3117e-02 3.1039e+03 1.3205e-15
2.5216e+00 2.1943e-02 3.1208e+03 1.2408e-15
2.5744e+00 2.0827e-02 3.1376e+03 1.1660e-15
2.6284e+00 1.9767e-02 3.1545e+03 1.0956e-15
2.6835e+00 1.8760e-02 3.1714e+03 1.0295e-15
2.7397e+00 1.7803e-02 3.1883e+03 9.6740e-16
2.7972e+00 1.6895e-02 3.2052e+03 9.0903e-16
2.8558e+00 1.6032e-02 3.2221e+03 8.5418e-16
2.9157e+00 1.5212e-02 3.2390e+03 8.0264e-16
2.9768e+00 1.4433e-02 3.2559e+03 7.5422e-16
3.0392e+00 1.3694e-02 3.2728e+03 7.0871e-16
3.1029e+00 1.2992e-02 3.2898e+03 6.6595e-16
3.1679e+00 1.2325e-02 3.3067e+03 6.2577e-16
3.2343e+00 1.1692e-02 3.3237e+03 5.8801e-16
3.3021e+00 1.1091e-02 3.3406e+03 5.5254e-16
3.3713e+00 1.0520e-02 3.3576e+03 5.1920e-16
3.4420e+00 9.9783e-03 3.3746e+03 4.8787e-16
3.5141e+00 9.4639e-03 3.3916e+03 4.5844e-16
3.5878e+00 8.9757e-03 3.4085e+03 4.3078e-16
3.6630e+00 8.5123e-03 3.4255e+03 4.0479e-16
3.7398e+00 8.0724e-03 3.4425e+03 3.8036e-16
3.8181e+00 7.6549e-03 3.4595e+03 3.5741e-16
3.8982e+00 7.2587e-03 3.4766e+03 3.3585e-16
3.9799e+00 6.8827e-03 3.4936e+03 3.1559e-16
4.0633e+00 6.5259e-03 3.5106e+03 2.9654e-16
4.1485e+00 6.1873e-03 3.5277e+03 2.7865e-16
4.2354e+00 5.8660e-03 3.5447e+03 2.6184e-16
4.3242e+00 5.5612e-03 3.5617e+03 2.4604e-16
4.4148e+00 5.2720e-03 3.5788e+03 2.3120e-16
4.5074e+00 4.9976e-03 3.5959e+03 2.1725e-16
4.6019e+00 4.7373e-03 3.6129e+03 2.0414e-16
4.6983e+00 4.4904e-03 3.6300e+03 1.9182e-16
4.7968e+00 4.2562e-03 3.6471e+03 1.8025e-16
4.8973e+00 4.0340e-03 3.6642e+03 1.6937e-16
5.0000e+00 3.8232e-03 3.6813e+03 1.5915e-16
5.1048e+00 3.6234e-03 3.6984e+03 1.4955e-16
5.2118e+00 3.4338e-03 3.7155e+03 1.4053e-16
5.3210e+00 3.2540e-03 3.7326e+03 1.3205e-16
5.4326e+00 3.0836e-03 3.7497e+03 1.2408e-16
5.5464e+00 2.9219e-03 3.7668e+03 1.1660e-16
5.6627e+00 2.7686e-03 3.7839e+03 1.0956e-16
5.7814e+00 2.6232e-03 3.8010e+03 1.0295e-16
5.9026e+00 2.4854e-03 3.8182e+03 9.6740e-17
6.0263e+00 2.3548e-03 3.8353e+03 9.0903e-17
6.1526e+00 2.2309e-03 3.8524e+03 8.5418e-17
6.2816e+00 2.1134e-03 3.8696e+03 8.0264e-17
6.4132e+00 2.0021e-03 3.8867e+03 7.5422e-17
6.5477e+00 1.8966e-03 3.9039e+03 7.0871e-17
6.6849e+00 1.7965e-03 3.9210e+03 6.6595e-17
6.8250e+00 1.7017e-03 3.9382e+03 6.2577e-17
6.9681e+00 1.6118e-03 3.9553e+03 5.8801e-17
7.1142e+00 1.5266e-03 3.9725e+03 5.5254e-17
7.2633e+00 1.4459e-03 3.9897e+03 5.1920e-17
7.4155e+00 1.3694e-03 4.0069e+03 4.8787e-17
7.5709e+00 1.2969e-03 4.0240e+03 4.5844e-17
7.7296e+00 1.2282e-03 4.0412e+03 4.3078e-17
7.8917e+00 1.1631e-03 4.0584e+03 4.0479e-17
8.0571e+00 1.1014e-03 4.0756e+03 3.8036e-17
8.2260e+00 1.0429e-03 4.0928e+03 3.5741e-17
8.3984e+00 9.8750e-04 4.1100e+03 3.3585e-17
8.5744e+00 9.3502e-04 4.1272e+03 3.1559e-17
8.7541e+00 8.8530e-04 4.1444e+03 2.9654e-17
8.9376e+00 8.3820e-04 4.1616e+03 2.7865e-17
9.1250e+00 7.9357e-04 4.1788e+03 2.6184e-17
9.3162e+00 7.5130e-04 4.1960e+03 2.4604e-17
9.5115e+00 7.1125e-04 4.2132e+03 2.3120e-17
9.7109e+00 6.7332e-04 4.2304e+03 2.1725e-17
9.9144e+00 6.3739e-04 4.2476e+03 2.0414e-17
1.0122e+01 6.0336e-04 4.2649e+03 1.9182e-17
1.0334e+01 5.7113e-04 4.2821e+03 1.8025e-17
1.0551e+01 5.4060e-04 4.2993e+03 1.6937e-17
1.0772e+01 5.1169e-04 4.3165e+03 1.5915e-17
1.0998e+01 4.8431e-04 4.3338e+03 1.4955e-17
1.1228e+01 4.5838e-04 4.3510e+03 1.4053e-17
1.1464e+01 4.3383e-04 4.3682e+03 1.3205e-17
1.1704e+01 4.1058e-04 4.3855e+03 1.2408e-17
1.1949e+01 3.8856e-04 4.4027e+03 1.1660e-17
1.2200e+01 3.6771e-04 4.4199e+03 1.0956e-17
1.2456e+01 3.4797e-04 4.4372e+03 1.0295e-17
1.2717e+01 3.2928e-04 4.4544e+03 9.6740e-18
1.2983e+01 3.1159e-04 4.4716e+03 9.0903e-18
1.3255e+01 2.9484e-04 4.4889e+03 8.5418e-18
1.3533e+01 2.7898e-04 4.5061e+03 8.0264e-18
1.3817e+01 2.6396e-04 4.5234e+03 7.5422e-18
1.4107e+01 2.4975e-04 4.5406e+03 7.0871e-18
1.4402e+01 2.3629e-04 4.5578e+03 6.6595e-18
1.4704e+01 2.2356e-04 4.5751e+03 6.2577e-18
1.5012e+01 2.1150e-04 4.5923e+03 5.8801e-18
1.5327e+01 2.0009e-04 4.6096e+03 5.5254e-18
1.5648e+01 1.8929e-04 4.6268e+03 5.1920e-18
1.5976e+01 1.7906e-04 4.6440e+03 4.8787e-18
1.6311e+01 1.6939e-04 4.6613e+03 4.5844e-18
1.6653e+01 1.6023e-04 4.6785e+03 4.3078e-18
1.7002e+01 1.5157e-04 4.6958e+03 4.0479e-18
1.7358e+01 1.4336e-04 4.7130e+03 3.8036e-18
1.7722e+01 1.3560e-04 4.7302e+03 3.5741e-18
1.8094e+01 1.2826e-04 4.7475e+03 3.3585e-18
1.8473e+01 1.2131e-04 4.7647e+03 3.1559e-18
1.8860e+01 1.1473e-04 4.7819e+03 2.9654e-18
1.9256e+01 1.0851e-04 4.7992e+03 2.7865e-18
1.9659e+01 1.0262e-04 4.8164e+03 2.6184e-18
2.0071e+01 9.7048e-05 4.8336e+03 2.4604e-18
2.0492e+01 9.1777e-05 4.8508e+03 2.3120e-18
2.0921e+01 8.6789e-05 4.8681e+03 2.1725e-18
2.1360e+01 8.2071e-05 4.8853e+03 2.0414e-18
2.1808e+01 7.7607e-05 4.9025e+03 1.9182e-18
2.2265e+01 7.3384e-05 4.9197e+03 1.8025e-18
2.2731e+01 6.9389e-05 4.9369e+03 1.6937e-18
2.3208e+01 6.5610e-05 4.9541e+03 1.5915e-18
2.3694e+01 6.2035e-05 4.9713e+03 1.4955e-18
2.4191e+01 5.8653e-05 4.9885e+03 1.4053e-18
2.4698e+01 5.5454e-05 5.0057e+03 1.3205e-18
2.5216e+01 5.2428e-05 5.0228e+03 1.2408e-18
2.5744e+01 4.9566e-05 5.0400e+03 1.1660e-18
2.6284e+01 4.6860e-05 5.0572e+03 1.0956e-18
2.6835e+01 4.4299e-05 5.0743e+03 1.0295e-18
2.7397e+01 4.1878e-05 5.0915e+03 9.6740e-19
2.7972e+01 3.9588e-05 5.1086e+03 9.0903e-19
2.8558e+01 3.7422e-05 5.1258e+03 8.5418e-19
2.9157e+01 3.5374e-05 5.1429e+03 8.0264e-19
2.9768e+01 3.3437e-05 5.1600e+03 7.5422e-19
3.0392e+01 3.1605e-05 5.1771e+03 7.0871e-19
3.1029e+01 2.9873e-05 5.1943e+03 6.6595e-19
3.1679e+01 2.8235e-05 5.2113e+03 6.2577e-19
3.2343e+01 2.6686e-05 5.2284e+03 5.8801e-19
3.3021e+01 2.5222e-05 5.2455e+03 5.5254e-19
3.3713e+01 2.3837e-05 5.2625e+03 5.1920e-19
3.4420e+01 2.2528e-05 5.2796e+03 4.8787e-19
3.5141e+01 2.1290e-05 5.2966e+03 4.5844e-19
3.5878e+01 2.0119e-05 5.3136e+03 4.3078e-19
3.6630e+01 1.9013e-05 5.3306e+03 4.0479e-19
3.7398e+01 1.7967e-05 5.3476e+03 3.8036e-19
3.8181e+01 1.6978e-05 5.3646e+03 3.5741e-19
3.8982e+01 1.6043e-05 5.3816e+03 3.3585e-19
3.9799e+01 1.5159e-05 5.3985e+03 3.1559e-19
4.0633e+01 1.4323e-05 5.4154e+03 2.9654e-19
4.1485e+01 1.3533e-05 5.4323e+03 2.7865e-19
4.2354e+01 1.2786e-05 5.4492e+03 2.6184e-19
4.3242e+01 1.2081e-05 5.4660e+03 2.4604e-19
4.4148e+01 1.1413e-05 5.4829e+03 2.3120e-19
4.5074e+01 1.0783e-05 5.4997e+03 2.1725e-19
4.6019e+01 1.0187e-05 5.5165e+03 2.0414e-19
4.6983e+01 9.6233e-06 5.5332e+03 1.9182e-19
4.7968e+01 9.0909e-06 5.5500e+03 1.8025e-19
4.8973e+01 8.5876e-06 5.5667e+03 1.6937e-19
5.0000e+01 8.1120e-06 5.5833e+03 1.5915e-19
5.1048e+01 7.6625e-06 5.6000e+03 1.4955e-19
5.2118e+01 7.2377e-06 5.6166e+03 1.4053e-19
5.3210e+01 6.8362e-06 5.6332e+03 1.3205e-19
5.4326e+01 6.4568e-06 5.6497e+03 1.2408e-19
5.5464e+01 6.0983e-06 5.6662e+03 1.1660e-19
5.6627e+01 5.7595e-06 5.6827e+03 1.0956e-19
5.7814e+01 5.4394e-06 5.6991e+03 1.0295e-19
5.9026e+01 5.1369e-06 5.7155e+03 9.6740e-20
6.0263e+01 4.8511e-06 5.7318e+03 9.0903e-20
6.1526e+01 4.5810e-06 5.7481e+03 8.5418e-20
6.2816e+01 4.3258e-06 5.7644e+03 8.0264e-20
6.4132e+01 4.0847e-06 5.7806e+03 7.5422e-20
6.5477e+01 3.8570e-06 5.7967e+03 7.0871e-20
6.6849e+01 3.6417e-06 5.8128e+03 6.6595e-20
6.8250e+01 3.4384e-06 5.8289e+03 6.2577e-20
6.9681e+01 3.2463e-06 5.8448e+03 5.8801e-20
7.1142e+01 3.0649e-06 5.8608e+03 5.5254e-20
7.2633e+01 2.8934e-06 5.8766e+03 5.1920e-20
7.4155e+01 2.7315e-06 5.8924e+03 4.8787e-20
7.5709e+01 2.5785e-06 5.9081e+03 4.5844e-20
7.7296e+01 2.4340e-06 5.9238e+03 4.3078e-20
7.8917e+01 2.2975e-06 5.9393e+03 4.0479e-20
8.0571e+01 2.1686e-06 5.9548e+03 3.8036e-20
8.2260e+01 2.0468e-06 5.9702e+03 3.5741e-20
8.3984e+01 1.9318e-06 5.9855e+03 3.3585e-20
8.5744e+01 1.8232e-06 6.0008e+03 3.1559e-20
8.7541e+01 1.7206e-06 6.0159e+03 2.9654e-20
8.9376e+01 1.6237e-06 6.0309e+03 2.7865e-20
9.1250e+01 1.5322e-06 6.0459e+03 2.6184e-20
9.3162e+01 1.4457e-06 6.0607e+03 2.4604e-20
9.5115e+01 1.3641e-06 6.0754e+03 2.3120e-20
9.7109e+01 1.2871e-06 6.0901e+03 2.1725e-20
9.9144e+01 1.2143e-06 6.1046e+03 2.0414e-20
1.0122e+02 1.1456e-06 6.1189e+03 1.9182e-20
1.0334e+02 1.0807e-06 6.1332e+03 1.8025e-20
1.0551e+02 1.0194e-06 6.1473e+03 1.6937e-20
1.0772e+02 9.6157e-07 6.1613e+03 1.5915e-20
1.0998e+02 9.0695e-07 6.1751e+03 1.4955e-20
1.1228e+02 8.5539e-07 6.1888e+03 1.4053e-20
1.1464e+02 8.0672e-07 6.2023e+03 1.3205e-20
1.1704e+02 7.6076e-07 6.2157e+03 1.2408e-20
1.1949e+02 7.1738e-07 6.2289e+03 1.1660e-20
1.2200e+02 6.7643e-07 6.2420e+03 1.0956e-20
1.2456e+02 6.3777e-07 6.2548e+03 1.0295e-20
1.2717e+02 6.0129e-07 6.2675e+03 9.6740e-21
1.2983e+02 5.6685e-07 6.2800e+03 9.0903e-21
1.3255e+02 5.3435e-07 6.2923e+03 8.5418e-21
1.3533e+02 5.0367e-07 6.3044e+03 8.0264e-21
1.3817e+02 4.7473e-07 6.3163e+03 7.5422e-21
1.4107e+02 4.4741e-07 6.3279e+03 7.0871e-21
1.4402e+02 4.2163e-07 6.3394e+03 6.6595e-21
1.4704e+02 3.9730e-07 6.3506e+03 6.2577e-21
1.5012e+02 3.7435e-07 6.3616e+03 5.8801e-21
1.5327e+02 3.5269e-07 6.3723e+03 5.5254e-21
1.5648e+02 3.3226e-07 6.3828e+03 5.1920e-21
1.5976e+02 3.1299e-07 6.3930e+03 4.8787e-21
1.6311e+02 2.9480e-07 6.4029e+03 4.5844e-21
1.6653e+02 2.7765e-07 6.4126e+03 4.3078e-21
1.7002e+02 2.6148e-07 6.4220e+03 4.0479e-21
1.7358e+02 2.4622e-07 6.4311e+03 3.8036e-21
1.7722e+02 2.3183e-07 6.4399e+03 3.5741e-21
1.8094e+02 2.1826e-07 6.4484e+03 3.3585e-21
1.8473e+02 2.0546e-07 6.4566e+03 3.1559e-21
1.8860e+02 1.9339e-07 6.4645e+03 2.9654e-21
1.9256e+02 1.8202e-07 6.4720e+03 2.7865e-21
1.9659e+02 1.7129e-07 6.4793e+03 2.6184e-21
2.0071e+02 1.6118e-07 6.4861e+03 2.4604e-21
2.0492e+02 1.5165e-07 6.4927e+03 2.3120e-21
2.0921e+02 1.4267e-07 6.4989e+03 2.1725e-21
2.1360e+02 1.3420e-07 6.5047e+03 2.0414e-21
2.1808e+02 1.2623e-07 6.5102e+03 1.9182e-21
2.2265e+02 1.1871e-07 6.5153e+03 1.8025e-21
2.2731e+02 1.1163e-07 6.5201e+03 1.6937e-21
2.3208e+02 1.0496e-07 6.5245e+03 1.5915e-21
2.3694e+02 9.8678e-08 6.5285e+03 1.4955e-21
2.4191e+02 9.2761e-08 6.5321e+03 1.4053e-21
2.4698e+02 8.7188e-08 6.5354e+03 1.3205e-21
2.5216e+02 8.1941e-08 6.5383e+03 1.2408e-21
2.5744e+02 7.7001e-08 6.5409e+03 1.1660e-21
2.6284e+02 7.2351e-08 6.5431e+03 1.0956e-21
2.6835e+02 6.7974e-08 6.5449e+03 1.0295e-21
2.7397e+02 6.3855e-08 6.5464e+03 9.6740e-22
2.7972e+02 5.9980e-08 6.5475e+03 9.0903e-22
2.8558e+02 5.6334e-08 6.5484e+03 8.5418e-22
2.9157e+02 5.2905e-08 6.5489e+03 8.0264e-22
2.9768e+02 4.9680e-08 6.5491e+03 7.5422e-22
3.0392e+02 4.6647e-08 6.5490e+03 7.0871e-22
3.1029e+02 4.3795e-08 6.5486e+03 6.6595e-22
3.1679e+02 4.1115e-08 6.5479e+03 6.2577e-22
3.2343e+02 3.8595e-08 6.5470e+03 5.8801e-22
3.3021e+02 3.6228e-08 6.5459e+03 5.5254e-22
3.3713e+02 3.4004e-08 6.5446e+03 5.1920e-22
3.4420e+02 3.1914e-08 6.5431e+03 4.8787e-22
3.5141e+02 2.9952e-08 6.5415e+03 4.5844e-22
3.5878e+02 2.8110e-08 6.5398e+03 4.3078e-22
3.6630e+02 2.6381e-08 6.5381e+03 4.0479e-22
3.7398e+02 2.4757e-08 6.5363e+03 3.8036e-22
3.8181e+02 2.3234e-08 6.5344e+03 3.5741e-22
3.8982e+02 2.1804e-08 6.5326e+03 3.3585e-22
3.9799e+02 2.0462e-08 6.5309e+03 3.1559e-22
4.0633e+02 1.9204e-08 6.5292e+03 2.9654e-22
4.1485e+02 1.8024e-08 6.5277e+03 2.7865e-22
4.2354e+02 1.6918e-08 6.5265e+03 2.6184e-22
4.3242e+02 1.5880e-08 6.5254e+03 2.4604e-22
4.4148e+02 1.4908e-08 6.5246e+03 2.3120e-22
4.5074e+02 1.3996e-08 6.5242e+03 2.1725e-22
4.6019e+02 1.3142e-08 6.5242e+03 2.0414e-22
4.6983e+02 1.2342e-08 6.5246e+03 1.9182e-22
4.7968e+02 1.1592e-08 6.5254e+03 1.8025e-22
4.8973e+02 1.0889e-08 6.5268e+03 1.6937e-22
5.0000e+02 1.0230e-08 6.5287e+03 1.5915e-22
5.1048e+02 9.6134e-09 6.5312e+03 1.4955e-22
5.2118e+02 9.0353e-09 6.5342e+03 1.4053e-22
5.3210e+02 8.4936e-09 6.5379e+03 1.3205e-22
5.4326e+02 7.9859e-09 6.5423e+03 1.2408e-22
5.5464e+02 7.5101e-09 6.5473e+03 1.1660e-22
5.6627e+02 7.0642e-09 6.5530e+03 1.0956e-22
5.7814e+02 6.6463e-09 6.5595e+03 1.0295e-22
5.9026e+02 6.2545e-09 6.5667e+03 9.6740e-23
6.0263e+02 5.8873e-09 6.5748e+03 9.0903e-23
6.1526e+02 5.5429e-09 6.5836e+03 8.5418e-23
6.2816e+02 5.2201e-09 6.5934e+03 8.0264e-23
6.4132e+02 4.9173e-09 6.6039e+03 7.5422e-23
6.5477e+02 4.6333e-09 6.6154e+03 7.0871e-23
6.6849e+02 4.3669e-09 6.6278e+03 6.6595e-23
6.8250e+02 4.1169e-09 6.6411e+03 6.2577e-23
6.9681e+02 3.8824e-09 6.6554e+03 5.8801e-23
7.1142e+02 3.6622e-09 6.6707e+03 5.5254e-23
7.2633e+02 3.4556e-09 6.6870e+03 5.1920e-23
7.4155e+02 3.2616e-09 6.7043e+03 4.8787e-23
7.5709e+02 3.0795e-09 6.7228e+03 4.5844e-23
7.7296e+02 2.9085e-09 6.7425e+03 4.3078e-23
7.8917e+02 2.7480e-09 6.7634e+03 4.0479e-23
8.0571e+02 2.5974e-09 6.7858e+03 3.8036e-23
8.2260e+02 2.4561e-09 6.8096e+03 3.5741e-23
8.3984e+02 2.3235e-09 6.8351e+03 3.3585e-23
8.5744e+02 2.1991e-09 6.8623e+03 3.1559e-23
8.7541e+02 2.0824e-09 6.8913e+03 2.9654e-23
8.9376e+02 1.9730e-09 6.9222e+03 2.7865e-23
9.1250e+02 1.8703e-09 6.9553e+03 2.6184e-23
9.3162e+02 1.7740e-09 6.9905e+03 2.4604e-23
9.5115e+02 1.6837e-09 7.0280e+03 2.3120e-23
9.7109e+02 1.5990e-09 7.0679e+03 2.1725e-23
9.9144e+02 1.5195e-09 7.1104e+03 2.0414e-23
1.0122e+03 1.4450e-09 7.1557e+03 1.9182e-23
1.0334e+03 1.3751e-09 7.2038e+03 1.8025e-23
1.0551e+03 1.3096e-09 7.2549e+03 1.6937e-23
1.0772e+03 1.2482e-09 7.3092e+03 1.5915e-23
1.0998e+03 1.1906e-09 7.3669e+03 1.4955e-23
1.1228e+03 1.1366e-09 7.4280e+03 1.4053e-23
1.1464e+03 1.0859e-09 7.4929e+03 1.3205e-23
1.1704e+03 1.0385e-09 7.5617e+03 1.2408e-23
1.1949e+03 9.9407e-10 7.6348e+03 1.1660e-23
1.2200e+03 9.5254e-10 7.7126e+03 1.0956e-23
1.2456e+03 9.1376e-10 7.7956e+03 1.0295e-23
1.2717e+03 8.7759e-10 7.8840e+03 9.6740e-24
1.2983e+03 8.4390e-10 7.9785e+03 9.0903e-24
1.3255e+03 8.1259e-10 8.0795e+03 8.5418e-24
1.3533e+03 7.8353e-10 8.1874e+03 8.0264e-24
1.3817e+03 7.5661e-10 8.3028e+03 7.5422e-24
1.4107e+03 7.3175e-10 8.4264e+03 7.0871e-24
1.4402e+03 7.0884e-10 8.5587e+03 6.6595e-24
1.4704e+03 6.8784e-10 8.7006e+03 6.2577e-24
1.5012e+03 6.6870e-10 8.8530e+03 5.8801e-24
1.5327e+03 6.5138e-10 9.0171e+03 5.5254e-24
1.5648e+03 6.3585e-10 9.1938e+03 5.1920e-24
1.5976e+03 6.2208e-10 9.3846e+03 4.8787e-24
1.6311e+03 6.1005e-10 9.5906e+03 4.5844e-24
1.6653e+03 5.9974e-10 9.8133e+03 4.3078e-24
1.7002e+03 5.9115e-10 1.0054e+04 4.0479e-24
1.7358e+03 5.8429e-10 1.0316e+04 3.8036e-24
1.7722e+03 5.7918e-10 1.0599e+04 3.5741e-24
1.8094e+03 5.7584e-10 1.0906e+04 3.3585e-24
1.8473e+03 5.7437e-10 1.1241e+04 3.1559e-24
1.8860e+03 5.7486e-10 1.1605e+04 2.9654e-24
1.9256e+03 5.7743e-10 1.2003e+04 2.7865e-24
1.9659e+03 5.8222e-10 1.2438e+04 2.6184e-24
2.0071e+03 5.8939e-10 1.2915e+04 2.4604e-24
2.0492e+03 5.9916e-10 1.3438e+04 2.3120e-24
2.0921e+03 6.1176e-10 1.4012e+04 2.1725e-24
2.1360e+03 6.2749e-10 1.4645e+04 2.0414e-24
2.1808e+03 6.4669e-10 1.5343e+04 1.9182e-24
2.2265e+03 6.6981e-10 1.6114e+04 1.8025e-24
2.2731e+03 6.9735e-10 1.6968e+04 1.6937e-24
2.3208e+03 7.2994e-10 1.7915e+04 1.5915e-24
2.3694e+03 7.6835e-10 1.8968e+04 1.4955e-24
2.4191e+03 8.1350e-10 2.0142e+04 1.4053e-24
2.4698e+03 8.6651e-10 2.1453e+04 1.3205e-24
2.5216e+03 9.2876e-10 2.2920e+04 1.2408e-24
2.5744e+03 1.0019e-09 2.4567e+04 1.1660e-24
2.6284e+03 1.0881e-09 2.6421e+04 1.0956e-24
2.6835e+03 1.1899e-09 2.8513e+04 1.0295e-24
2.7397e+03 1.3105e-09 3.0880e+04 9.6740e-25
2.7972e+03 1.4538e-09 3.3564e+04 9.0903e-25
2.8558e+03 1.6246e-09 3.6616e+04 8.5418e-25
2.9157e+03 1.8287e-09 4.0091e+04 8.0264e-25
2.9768e+03 2.0735e-09 4.4055e+04 7.5422e-25
3.0392e+03 2.3684e-09 4.8589e+04 7.0871e-25
3.1029e+03 2.7249e-09 5.3785e+04 6.6595e-25
3.1679e+03 3.1581e-09 5.9754e+04 6.2577e-25
3.2343e+03 3.6870e-09 6.6629e+04 5.8801e-25
3.3021e+03 4.3360e-09 7.4567e+04 5.5254e-25
3.3713e+03 5.1368e-09 8.3756e+04 5.1920e-25
3.4420e+03 6.1302e-09 9.4423e+04 4.8787e-25
3.5141e+03 7.3713e-09 1.0685e+05 4.5844e-25
3.5878e+03 8.9345e-09 1.2140e+05 4.3078e-25
3.6630e+03 1.0920e-08 1.3850e+05 4.0479e-25
3.7398e+03 1.3462e-08 1.5870e+05 3.8036e-25
3.8181e+03 1.6748e-08 1.8268e+05 3.5741e-25
3.8982e+03 2.1034e-08 2.1127e+05 3.3585e-25
3.9799e+03 2.6676e-08 2.4553e+05 3.1559e-25
4.0633e+03 3.4178e-08 2.8681e+05 2.9654e-25
4.1485e+03 4.4255e-08 3.3679e+05 2.7865e-25
4.2354e+03 5.7931e-08 3.9766e+05 2.6184e-25
4.3242e+03 7.6665e-08 4.7209e+05 2.4604e-25
4.4148e+03 1.0248e-07 5.6326e+05 2.3120e-25
4.5074e+03 1.3820e-07 6.7504e+05 2.1725e-25
4.6019e+03 1.8785e-07 8.1217e+05 2.0414e-25
4.6983e+03 2.5707e-07 9.8049e+05 1.9182e-25
4.7968e+03 3.5381e-07 1.1871e+06 1.8025e-25
4.8973e+03 4.8923e-07 1.4405e+06 1.6937e-25
5.0000e+03 6.7890e-07 1.7512e+06 1.5915e-25
