1.570796326794896653e-03 3.881036205029812390e-05
3.378219023331332106e-03 2.280151185068013075e-05
5.185641719867767341e-03 1.732208886402138756e-05
6.993064416404203010e-03 1.351398621035091333e-05
8.800487112940638679e-03 1.233368287652310330e-05
1.060790980947707261e-02 1.133921271966297256e-05
1.241533250601350828e-02 9.948762078350920050e-06
1.422275520254994395e-02 8.681253396355915762e-06
1.603017789908638135e-02 7.426523722633718962e-06
1.783760059562281355e-02 6.726517784803228663e-06
1.964502329215924922e-02 6.335788501126860204e-06
2.145244598869568489e-02 5.855905537064112124e-06
2.325986868523212056e-02 5.209526823483680641e-06
2.506729138176855623e-02 4.923144443016614440e-06
2.687471407830499190e-02 4.674507365334666341e-06
2.868213677484142757e-02 4.446529246208995332e-06
3.048955947137786324e-02 4.271982990335294871e-06
3.229698216791430238e-02 4.067304531479742974e-06
3.410440486445073111e-02 3.863844361824128804e-06
3.591182756098716677e-02 3.687640121545178589e-06
3.771925025752360244e-02 3.576150137961163038e-06
3.952667295406003811e-02 3.399804281386231997e-06
4.133409565059647378e-02 3.259504963389682789e-06
4.314151834713290945e-02 3.132618773193594143e-06
4.494894104366934512e-02 3.063137299351923384e-06
4.675636374020578079e-02 2.919223450485045455e-06
4.856378643674221646e-02 2.780258699018750008e-06
5.037120913327865213e-02 2.681812835942173347e-06
5.217863182981508779e-02 2.601812403805411877e-06
5.398605452635152346e-02 2.526238914405502597e-06
5.579347722288795913e-02 2.416271194828998729e-06
5.760089991942439480e-02 2.330269148093725308e-06
5.940832261596083047e-02 2.263443445404659562e-06
6.121574531249726614e-02 2.209296290958312383e-06
6.302316800903370875e-02 2.167298651832831872e-06
6.483059070557013748e-02 2.099859390074853435e-06
6.663801340210656621e-02 2.052383419581926590e-06
6.844543609864300882e-02 2.040827247044653734e-06
7.025285879517943755e-02 2.040984904019167407e-06
7.206028149171588015e-02 2.029560629632849048e-06
7.386770418825230888e-02 2.007036116812012949e-06
7.567512688478875149e-02 1.963546731670682518e-06
7.748254958132518022e-02 1.911814079090738819e-06
7.928997227786162283e-02 1.862724257332825268e-06
8.109739497439805156e-02 1.851293925353282037e-06
8.290481767093449417e-02 1.824403081572672951e-06
8.471224036747092290e-02 1.797945665956868901e-06
8.651966306400736550e-02 1.779311959543615080e-06
8.832708576054379424e-02 1.765480339351624145e-06
9.013450845708023684e-02 1.727007109341933647e-06
9.194193115361666557e-02 1.680451978883363585e-06
9.374935385015310818e-02 1.640848209807535054e-06
9.555677654668953691e-02 1.638419418947766112e-06
9.736419924322597952e-02 1.616254275075554207e-06
9.917162193976240825e-02 1.603985772781490246e-06
1.009790446362988509e-01 1.588007954166307223e-06
1.027864673328352796e-01 1.562938398545798865e-06
1.045938900293717222e-01 1.526810979566879185e-06
1.064013127259081509e-01 1.492121627163167632e-06
1.082087354224445935e-01 1.479301310923843012e-06
1.100161581189810223e-01 1.449037653979847839e-06
1.118235808155174649e-01 1.408359095440541934e-06
1.136310035120538936e-01 1.362829520420716223e-06
1.154384262085903362e-01 1.324662251441519488e-06
1.172458489051267649e-01 1.288403712679391298e-06
1.190532716016631937e-01 1.252481790651534445e-06
1.208606942981996363e-01 1.216584824358136470e-06
1.226681169947360650e-01 1.186371485977401894e-06
1.244755396912725076e-01 1.150749445251769905e-06
1.262829623878089502e-01 1.125610633191642685e-06
1.280903850843453928e-01 1.108316568230520445e-06
1.298978077808818354e-01 1.084326588478930249e-06
1.317052304774182503e-01 1.054474063493855638e-06
1.335126531739546929e-01 1.023729578584136341e-06
1.353200758704911355e-01 9.966403873696432562e-07
1.371274985670275781e-01 9.880696291836256888e-07
1.389349212635639930e-01 9.856692177945664325e-07
1.407423439601004356e-01 9.760581662683840147e-07
1.425497666566368782e-01 9.603042233748346405e-07
1.443571893531733208e-01 9.449850710387040131e-07
1.461646120497097356e-01 9.349807635589774106e-07
1.479720347462461782e-01 9.152542865057858486e-07
1.497794574427826209e-01 9.061792886716228431e-07
1.515868801393190635e-01 9.056283276719669169e-07
1.533943028358554783e-01 9.014201155390700596e-07
1.552017255323919209e-01 8.899929484007850647e-07
1.570091482289283635e-01 8.801275598135120086e-07
1.588165709254648061e-01 8.725927070847497026e-07
1.606239936220012210e-01 8.585643088433659728e-07
1.624314163185376636e-01 8.416483701185263121e-07
1.642388390150741062e-01 8.310657195016191831e-07
1.660462617116105488e-01 8.279762595761222855e-07
1.678536844081469637e-01 8.182189549893687819e-07
1.696611071046834063e-01 8.168798128584774206e-07
1.714685298012198489e-01 8.263394928102432723e-07
1.732759524977562915e-01 8.335998427867227283e-07
1.750833751942927063e-01 8.324065462900736240e-07
1.768907978908291490e-01 8.260006404562690178e-07
1.786982205873655916e-01 8.266831541838068322e-07
1.805056432839020064e-01 8.281988887674168869e-07
1.823130659804384490e-01 8.356658543519957775e-07
1.841204886769748916e-01 8.413909437479216999e-07
1.859279113735113342e-01 8.382388525603433025e-07
1.877353340700477491e-01 8.229373056814584411e-07
1.895427567665841917e-01 8.143194483987018078e-07
1.913501794631206343e-01 8.141503829866948933e-07
1.931576021596570769e-01 8.123061274100094005e-07
1.949650248561934918e-01 8.173277769561000392e-07
1.967724475527299344e-01 8.236886385985824295e-07
1.985798702492663770e-01 8.282905380854892952e-07
2.003872929458028196e-01 8.250130297109116589e-07
2.021947156423392344e-01 8.217227356613584519e-07
2.040021383388756770e-01 8.187864463791151789e-07
2.058095610354121197e-01 8.215848916683312660e-07
2.076169837319485623e-01 8.235492872516121895e-07
2.094244064284849771e-01 8.282393808917184726e-07
2.112318291250214197e-01 8.271519143129967262e-07
2.130392518215578623e-01 8.258524977830323606e-07
2.148466745180943049e-01 8.242285761511681557e-07
2.166540972146307198e-01 8.233950033349564326e-07
2.184615199111671624e-01 8.275164500519712693e-07
2.202689426077036050e-01 8.326629594444856012e-07
2.220763653042400476e-01 8.329466041616147005e-07
2.238837880007764625e-01 8.367715880703432651e-07
2.256912106973129051e-01 8.407579624252132243e-07
2.274986333938493477e-01 8.418281807772944785e-07
2.293060560903857903e-01 8.305386543570812034e-07
2.311134787869222051e-01 8.196694752815976733e-07
2.329209014834586478e-01 8.133693718837239576e-07
2.347283241799950904e-01 8.090120227729204153e-07
2.365357468765315052e-01 8.072888654486755063e-07
2.383431695730679478e-01 8.100359095118258017e-07
2.401505922696043904e-01 8.129435751197505240e-07
2.419580149661408330e-01 8.163495523614464192e-07
2.437654376626772479e-01 8.165297638160904173e-07
2.455728603592136905e-01 8.209304759785307448e-07
2.473802830557501331e-01 8.309212270011017607e-07
2.491877057522865757e-01 8.385944363248899076e-07
2.509951284488229906e-01 8.471286972214815671e-07
2.528025511453594332e-01 8.540707739177759434e-07
2.546099738418958758e-01 8.558728313834025279e-07
2.564173965384323184e-01 8.598270135027343380e-07
2.582248192349687610e-01 8.602059134715454607e-07
2.600322419315052036e-01 8.520746132314598897e-07
2.618396646280415907e-01 8.397381669111535978e-07
2.636470873245780333e-01 8.313145867310975990e-07
2.654545100211144759e-01 8.248495978091823783e-07
2.672619327176509185e-01 8.149670156470332443e-07
2.690693554141873611e-01 8.074105089840050485e-07
2.708767781107238037e-01 7.983371734806861180e-07
2.726842008072602463e-01 7.881517819363107777e-07
2.744916235037966890e-01 7.792641673938735292e-07
2.762990462003330761e-01 7.686355378599489186e-07
2.781064688968695187e-01 7.558532668415512916e-07
2.799138915934059613e-01 7.391973190290535121e-07
2.817213142899424039e-01 7.228147212457443995e-07
2.835287369864788465e-01 7.139257837882303221e-07
2.853361596830152891e-01 7.034871070038278966e-07
2.871435823795517317e-01 6.925190782461830327e-07
2.889510050760881743e-01 6.833680244441808378e-07
2.907584277726245614e-01 6.803520450137268911e-07
2.925658504691610040e-01 6.787914317203107915e-07
2.943732731656974466e-01 6.753442789185128051e-07
2.961806958622338892e-01 6.737412942151611706e-07
2.979881185587703318e-01 6.692928904352806308e-07
2.997955412553067744e-01 6.609654024106109394e-07
3.016029639518432170e-01 6.574591378965325520e-07
3.034103866483796041e-01 6.515915461162314193e-07
3.052178093449160468e-01 6.499415569114466148e-07
3.070252320414524894e-01 6.482567028053402487e-07
3.088326547379889320e-01 6.490586341799444581e-07
3.106400774345253746e-01 6.525979852207391188e-07
3.124475001310618172e-01 6.608560661975007396e-07
3.142549228275982598e-01 6.707329760579406208e-07
3.160623455241347024e-01 6.750993476308146225e-07
3.178697682206710895e-01 6.815617616453435551e-07
3.196771909172075321e-01 6.949852360554927630e-07
3.214846136137439747e-01 7.117440236700636519e-07
3.232920363102804173e-01 7.163805880935651937e-07
3.250994590068168599e-01 7.107150611205595010e-07
3.269068817033533025e-01 7.019938982206357838e-07
3.287143043998897451e-01 6.918910733114405795e-07
3.305217270964261878e-01 6.805135755321048220e-07
3.323291497929625748e-01 6.742476574022176350e-07
3.341365724894990175e-01 6.617450050753756014e-07
3.359439951860354601e-01 6.557286731644838059e-07
3.377514178825719027e-01 6.523721756958729955e-07
3.395588405791083453e-01 6.438223088245909269e-07
3.413662632756447879e-01 6.371267128429260276e-07
3.431736859721812305e-01 6.311274593178895144e-07
3.449811086687176731e-01 6.265489564869805034e-07
3.467885313652540602e-01 6.224386525521262382e-07
3.485959540617905028e-01 6.185375528441055409e-07
3.504033767583269454e-01 6.157998152158868466e-07
3.522107994548633880e-01 6.114385703426750423e-07
3.540182221513998306e-01 6.058834677372967053e-07
3.558256448479362732e-01 5.986534340193346321e-07
3.576330675444727158e-01 5.911303832455416559e-07
3.594404902410091029e-01 5.870846224001582409e-07
3.612479129375455456e-01 5.832040466209680531e-07
3.630553356340819882e-01 5.808885366047233359e-07
3.648627583306184308e-01 5.792071264405185558e-07
3.666701810271548734e-01 5.776381121377446666e-07
3.684776037236913160e-01 5.736724612415924923e-07
3.702850264202277586e-01 5.683859371869710366e-07
3.720924491167642012e-01 5.700012741269642148e-07
3.738998718133005883e-01 5.670034826782680513e-07
3.757072945098370309e-01 5.610517816670809166e-07
3.775147172063734735e-01 5.579935458883934378e-07
3.793221399029099161e-01 5.579273125279739107e-07
3.811295625994463587e-01 5.614278468543797275e-07
3.829369852959828013e-01 5.670819435225761036e-07
3.847444079925192439e-01 5.669329945466982151e-07
3.865518306890556866e-01 5.597325036790696727e-07
3.883592533855920736e-01 5.548501019647784855e-07
3.901666760821285163e-01 5.502634333745958387e-07
3.919740987786649589e-01 5.460547812607612382e-07
3.937815214752014015e-01 5.428989020697745094e-07
3.955889441717378441e-01 5.484027832811229801e-07
3.973963668682742867e-01 5.560456721172516239e-07
3.992037895648107293e-01 5.639261081713150189e-07
4.010112122613471719e-01 5.700801743473934400e-07
4.028186349578835590e-01 5.741879770373951833e-07
4.046260576544200016e-01 5.826498099994793842e-07
4.064334803509564442e-01 5.892901836483310683e-07
4.082409030474928868e-01 5.934889750554952066e-07
4.100483257440293294e-01 5.996359576950997340e-07
4.118557484405657720e-01 6.068267071670544392e-07
4.136631711371022146e-01 6.108123241524281990e-07
4.154705938336386017e-01 6.165849384047614159e-07
4.172780165301750444e-01 6.243285340539942826e-07
4.190854392267114870e-01 6.237130684279214981e-07
4.208928619232479296e-01 6.200847653162491788e-07
4.227002846197843722e-01 6.241803181960012636e-07
4.245077073163208148e-01 6.332777135392874338e-07
4.263151300128572574e-01 6.415173729237831710e-07
4.281225527093937000e-01 6.454289481946701663e-07
4.299299754059300871e-01 6.458959161123816201e-07
4.317373981024665297e-01 6.542480883462049952e-07
4.335448207990029723e-01 6.641999538652776863e-07
4.353522434955394149e-01 6.773391387357545750e-07
4.371596661920758575e-01 6.901347489002244106e-07
4.389670888886123001e-01 7.002797925687525092e-07
4.407745115851487427e-01 7.057661766112836650e-07
4.425819342816851854e-01 7.129053826019248258e-07
4.443893569782215724e-01 7.262467323629692206e-07
4.461967796747580151e-01 7.356942068733091296e-07
4.480042023712944577e-01 7.459094661435236536e-07
4.498116250678309003e-01 7.518437888023674880e-07
4.516190477643673429e-01 7.571037108875859545e-07
4.534264704609037855e-01 7.649635319128525285e-07
4.552338931574402281e-01 7.709734912368382326e-07
4.570413158539766707e-01 7.709527653107413186e-07
4.588487385505130578e-01 7.549366284065414630e-07
4.606561612470495004e-01 7.344774743562250449e-07
4.624635839435859430e-01 7.242510224384049753e-07
4.642710066401223856e-01 7.173470670635832191e-07
4.660784293366588282e-01 7.200529658111472859e-07
4.678858520331952708e-01 7.242682862491527720e-07
4.696932747297317134e-01 7.271032707771814184e-07
4.715006974262681005e-01 7.351272166175399630e-07
4.733081201228045432e-01 7.430203546926151940e-07
4.751155428193409858e-01 7.556042315426723157e-07
4.769229655158774284e-01 7.706541406851027652e-07
4.787303882124138710e-01 7.874372928714706279e-07
4.805378109089503136e-01 7.955761633153557516e-07
4.823452336054867562e-01 7.934735977321806223e-07
4.841526563020231988e-01 8.033415513151946781e-07
4.859600789985595859e-01 8.252920750396466576e-07
4.877675016950960285e-01 8.388727647922105541e-07
4.895749243916324711e-01 8.462185576326052031e-07
4.913823470881689137e-01 8.615299272980776299e-07
4.931897697847053563e-01 8.752139919915992748e-07
4.949971924812417989e-01 8.720091657333902157e-07
4.968046151777782415e-01 8.717385945142611030e-07
4.986120378743146841e-01 8.952716038691922163e-07
5.004194605708510712e-01 9.210192383339302059e-07
5.022268832673875139e-01 9.222697221572825932e-07
5.040343059639239565e-01 9.263347177700870668e-07
5.058417286604603991e-01 9.211924045594224244e-07
5.076491513569968417e-01 9.508203107743055863e-07
5.094565740535332843e-01 1.006939206901934838e-06
5.112639967500697269e-01 1.047898117250247419e-06
5.130714194466061695e-01 1.066783604549795876e-06
5.148788421431426121e-01 1.095014292196342940e-06
5.166862648396790547e-01 1.123246356252502764e-06
5.184936875362154973e-01 1.141851249300282817e-06
5.203011102327519399e-01 1.138099881160102831e-06
5.221085329292882715e-01 1.166724609343372967e-06
5.239159556258247141e-01 1.184980302805590799e-06
5.257233783223611567e-01 1.189689640604183227e-06
5.275308010188975993e-01 1.165448856191177536e-06
5.293382237154340419e-01 1.189487573662834333e-06
5.311456464119704846e-01 1.212763667272928285e-06
5.329530691085069272e-01 1.259330296607260528e-06
5.347604918050433698e-01 1.286532295557721466e-06
5.365679145015798124e-01 1.324571420709472756e-06
5.383753371981162550e-01 1.427716284470940044e-06
5.401827598946526976e-01 1.563463932325955611e-06
5.419901825911891402e-01 1.715599293947759789e-06
5.437976052877255828e-01 1.769664802874785116e-06
5.456050279842620254e-01 1.820487934967502461e-06
5.474124506807984680e-01 1.824432182170887110e-06
5.492198733773347996e-01 1.956926197767811130e-06
5.510272960738712422e-01 2.299475570038860037e-06
5.528347187704076848e-01 2.502796024739679112e-06
5.546421414669441274e-01 2.537957820602907440e-06
5.564495641634805700e-01 2.767520758258759981e-06
5.582569868600170127e-01 3.161323052514685060e-06
5.600644095565534553e-01 2.504527525218940775e-06
5.618718322530898979e-01 1.259555989172622660e-06
5.636792549496263405e-01 4.645330564119624274e-07
5.654866776461627831e-01 1.891915356911156205e-08
