1.570796326794896653e-03 2.324508117209601876e-01
3.378219023331332106e-03 7.046423620924179509e+00
5.185641719867767341e-03 1.804926291815770467e+00
6.993064416404203010e-03 1.636420299000218792e+00
8.800487112940638679e-03 9.850961502313777540e-01
1.060790980947707261e-02 5.203505687964201654e-01
1.241533250601350828e-02 3.926596972510019157e-01
1.422275520254994395e-02 3.567995520641633611e-01
1.603017789908638135e-02 2.879686339772435377e-01
1.783760059562281355e-02 1.947324260563113862e-01
1.964502329215924922e-02 1.407681055481548593e-01
2.145244598869568489e-02 1.154507285349118256e-01
2.325986868523212056e-02 7.711868756876477660e-02
2.506729138176855623e-02 5.817351383351520439e-02
2.687471407830499190e-02 4.323218063591294236e-02
2.868213677484142757e-02 3.273225169839976550e-02
3.048955947137786324e-02 2.088308955704596542e-02
3.229698216791430238e-02 1.536435693008712799e-02
3.410440486445073111e-02 9.886009763217563223e-03
3.591182756098716677e-02 6.414121749641003845e-03
3.771925025752360244e-02 4.391062772392418517e-03
3.952667295406003811e-02 2.764073159318539835e-03
4.133409565059647378e-02 1.950523786002085263e-03
4.314151834713290945e-02 1.267412715604722276e-03
4.494894104366934512e-02 8.490412728771459328e-04
4.675636374020578079e-02 5.911339933905644488e-04
4.856378643674221646e-02 4.130782941562718144e-04
5.037120913327865213e-02 2.853608453993801853e-04
5.217863182981508779e-02 2.128948406946160120e-04
5.398605452635152346e-02 1.667133303374845540e-04
5.579347722288795913e-02 1.308685804404183532e-04
5.760089991942439480e-02 1.061550007788044189e-04
5.940832261596083047e-02 8.915207351101840172e-05
6.121574531249726614e-02 7.717183606565855558e-05
6.302316800903370875e-02 6.710129677088619282e-05
6.483059070557013748e-02 5.897055096927261280e-05
6.663801340210656621e-02 5.211361764501576052e-05
6.844543609864300882e-02 4.635567145857433523e-05
7.025285879517943755e-02 4.157215417478975726e-05
7.206028149171588015e-02 3.740639282896606615e-05
7.386770418825230888e-02 3.382365879932161204e-05
7.567512688478875149e-02 3.067291461065717572e-05
7.748254958132518022e-02 2.793609697760820313e-05
7.928997227786162283e-02 2.549938073545693644e-05
8.109739497439805156e-02 2.334747101192680022e-05
8.290481767093449417e-02 2.143323016557056911e-05
8.471224036747092290e-02 1.973848067725632582e-05
8.651966306400736550e-02 1.821988508019983785e-05
8.832708576054379424e-02 1.685727681389372480e-05
9.013450845708023684e-02 1.563389818339951687e-05
9.194193115361666557e-02 1.452311346826891270e-05
9.374935385015310818e-02 1.352979430512036044e-05
9.555677654668953691e-02 1.262543458143762406e-05
9.736419924322597952e-02 1.180364965849260247e-05
9.917162193976240825e-02 1.105536772594754334e-05
1.009790446362988509e-01 1.037172284680582672e-05
1.027864673328352796e-01 9.752812742285788797e-06
1.045938900293717222e-01 9.178058865604542260e-06
1.064013127259081509e-01 8.651770265757336323e-06
1.082087354224445935e-01 8.169387035618515909e-06
1.100161581189810223e-01 7.727002767745392664e-06
1.118235808155174649e-01 7.318270631281613644e-06
1.136310035120538936e-01 6.935434321280908316e-06
1.154384262085903362e-01 6.587351671919111581e-06
1.172458489051267649e-01 6.264959942953789492e-06
1.190532716016631937e-01 5.964527558107130652e-06
1.208606942981996363e-01 5.684468861597463130e-06
1.226681169947360650e-01 5.425503526239241342e-06
1.244755396912725076e-01 5.187145675329547113e-06
1.262829623878089502e-01 4.962100828236021002e-06
1.280903850843453928e-01 4.752716591578969869e-06
1.298978077808818354e-01 4.558278498814626925e-06
1.317052304774182503e-01 4.376954745958126647e-06
1.335126531739546929e-01 4.207810027783813613e-06
1.353200758704911355e-01 4.048041498349438794e-06
1.371274985670275781e-01 3.900013610470940961e-06
1.389349212635639930e-01 3.761308480858956783e-06
1.407423439601004356e-01 3.630543823002839732e-06
1.425497666566368782e-01 3.508536097317450928e-06
1.443571893531733208e-01 3.393455787248303914e-06
1.461646120497097356e-01 3.285953786253705673e-06
1.479720347462461782e-01 3.184467703876751958e-06
1.497794574427826209e-01 3.090067772049872717e-06
1.515868801393190635e-01 3.000699251715661796e-06
1.533943028358554783e-01 2.915535933524094526e-06
1.552017255323919209e-01 2.837108436772636789e-06
1.570091482289283635e-01 2.762933942790233814e-06
1.588165709254648061e-01 2.693120443740353207e-06
1.606239936220012210e-01 2.626609558796948019e-06
1.624314163185376636e-01 2.565056624392897930e-06
1.642388390150741062e-01 2.507662901912800964e-06
1.660462617116105488e-01 2.452308939218732848e-06
1.678536844081469637e-01 2.400807574633159355e-06
1.696611071046834063e-01 2.352593564799639002e-06
1.714685298012198489e-01 2.308037126524066871e-06
1.732759524977562915e-01 2.265440579090317295e-06
1.750833751942927063e-01 2.224877637715645596e-06
1.768907978908291490e-01 2.188183394614905871e-06
1.786982205873655916e-01 2.153965190999914115e-06
1.805056432839020064e-01 2.121579077039696579e-06
1.823130659804384490e-01 2.091157819965983024e-06
1.841204886769748916e-01 2.063479965972319580e-06
1.859279113735113342e-01 2.038285659297487076e-06
1.877353340700477491e-01 2.014055294965937049e-06
1.895427567665841917e-01 1.992371411556773314e-06
1.913501794631206343e-01 1.972832780644807104e-06
1.931576021596570769e-01 1.955113085039338390e-06
1.949650248561934918e-01 1.939214511971971383e-06
1.967724475527299344e-01 1.924652654515008272e-06
1.985798702492663770e-01 1.912473030828687595e-06
2.003872929458028196e-01 1.901721622485528622e-06
2.021947156423392344e-01 1.892959092241535223e-06
2.040021383388756770e-01 1.886057297116975916e-06
2.058095610354121197e-01 1.880395197764306704e-06
2.076169837319485623e-01 1.876820877677844256e-06
2.094244064284849771e-01 1.874820257304148284e-06
2.112318291250214197e-01 1.874903569699462407e-06
2.130392518215578623e-01 1.876375874977537311e-06
2.148466745180943049e-01 1.879645381342762629e-06
2.166540972146307198e-01 1.885170432301631679e-06
2.184615199111671624e-01 1.892463743012732141e-06
2.202689426077036050e-01 1.901627206109223567e-06
2.220763653042400476e-01 1.912362346796401652e-06
2.238837880007764625e-01 1.925977089895808566e-06
2.256912106973129051e-01 1.941876673338246484e-06
2.274986333938493477e-01 1.959159068408565901e-06
2.293060560903857903e-01 1.979005036291091425e-06
2.311134787869222051e-01 2.001804806880186990e-06
2.329209014834586478e-01 2.027402615016318638e-06
2.347283241799950904e-01 2.055303461950089536e-06
2.365357468765315052e-01 2.086104382813976890e-06
2.383431695730679478e-01 2.120706885300866704e-06
2.401505922696043904e-01 2.158611741862813694e-06
2.419580149661408330e-01 2.199874980502545260e-06
2.437654376626772479e-01 2.244751353438456988e-06
2.455728603592136905e-01 2.294907431297196543e-06
2.473802830557501331e-01 2.349659747885828664e-06
2.491877057522865757e-01 2.409382465852887203e-06
2.509951284488229906e-01 2.473383433288137576e-06
2.528025511453594332e-01 2.546477458603524382e-06
2.546099738418958758e-01 2.625700453981248668e-06
2.564173965384323184e-01 2.711977472734942593e-06
2.582248192349687610e-01 2.799912798202206373e-06
2.600322419315052036e-01 2.911085137213809054e-06
2.618396646280415907e-01 3.029788948715038873e-06
2.636470873245780333e-01 3.174165142014118352e-06
2.654545100211144759e-01 3.297798099786733932e-06
2.672619327176509185e-01 3.439518219268962583e-06
2.690693554141873611e-01 3.670620483808807972e-06
2.708767781107238037e-01 3.888258324520816544e-06
2.726842008072602463e-01 4.232452953145817188e-06
2.744916235037966890e-01 4.472582546564743298e-06
2.762990462003330761e-01 5.188906570616198151e-06
2.781064688968695187e-01 5.822607129822477335e-06
2.799138915934059613e-01 6.608382946868950651e-06
2.817213142899424039e-01 8.156758021799154898e-06
2.835287369864788465e-01 1.079063667667007773e-05
2.853361596830152891e-01 1.318015220922104785e-05
2.871435823795517317e-01 1.794665738381277104e-05
2.889510050760881743e-01 2.280318575533298194e-05
2.907584277726245614e-01 3.681987737837009870e-05
2.925658504691610040e-01 5.525441950287661951e-05
2.943732731656974466e-01 6.283690310137371926e-05
2.961806958622338892e-01 9.684873038541968483e-05
2.979881185587703318e-01 1.483141650305900541e-04
2.997955412553067744e-01 1.731284184227894314e-04
3.016029639518432170e-01 2.568614017923732365e-04
3.034103866483796041e-01 3.640599823261393957e-04
3.052178093449160468e-01 4.079173262958180469e-04
3.070252320414524894e-01 6.094428253474163575e-04
3.088326547379889320e-01 7.751733771254960739e-04
3.106400774345253746e-01 9.336318083073319625e-04
3.124475001310618172e-01 1.142847350701772747e-03
3.142549228275982598e-01 1.430485416347945489e-03
3.160623455241347024e-01 1.758741890707489399e-03
3.178697682206710895e-01 2.062611740878699754e-03
3.196771909172075321e-01 2.220432104929668301e-03
3.214846136137439747e-01 2.520029091886039595e-03
3.232920363102804173e-01 3.341412978845448474e-03
3.250994590068168599e-01 3.699856772069452272e-04
3.269068817033533025e-01 2.051470097195346655e-05
3.287143043998897451e-01 9.630623326100888271e-06
3.305217270964261878e-01 7.077082460485913874e-06
3.323291497929625748e-01 5.726737821888510910e-06
3.341365724894990175e-01 4.856290523483817618e-06
3.359439951860354601e-01 4.249501181394627228e-06
3.377514178825719027e-01 3.806901333655913086e-06
3.395588405791083453e-01 3.474387434004162830e-06
3.413662632756447879e-01 3.219560745000151898e-06
3.431736859721812305e-01 3.018639174503761203e-06
3.449811086687176731e-01 2.857453629364191122e-06
3.467885313652540602e-01 2.726343642338991661e-06
3.485959540617905028e-01 2.623114642916052466e-06
3.504033767583269454e-01 2.544505235210851473e-06
3.522107994548633880e-01 2.483957389994015789e-06
3.540182221513998306e-01 2.425252240606162044e-06
3.558256448479362732e-01 2.385496537911089712e-06
3.576330675444727158e-01 2.372932772605284295e-06
3.594404902410091029e-01 2.361734672386155299e-06
3.612479129375455456e-01 2.347649418604649905e-06
3.630553356340819882e-01 2.348444061013073839e-06
3.648627583306184308e-01 2.366121122470722316e-06
3.666701810271548734e-01 2.391800623954206703e-06
3.684776037236913160e-01 2.423351142221549903e-06
3.702850264202277586e-01 2.461957547912885682e-06
3.720924491167642012e-01 2.509359496847258777e-06
3.738998718133005883e-01 2.565542772020818779e-06
3.757072945098370309e-01 2.632004405906945865e-06
3.775147172063734735e-01 2.706581990521123626e-06
3.793221399029099161e-01 2.794403334796392135e-06
3.811295625994463587e-01 2.896514129228626511e-06
3.829369852959828013e-01 3.005986712627573669e-06
3.847444079925192439e-01 3.133690975449728478e-06
3.865518306890556866e-01 3.277492025960729057e-06
3.883592533855920736e-01 3.435590117134025410e-06
3.901666760821285163e-01 3.609347808489197631e-06
3.919740987786649589e-01 3.814454611396703922e-06
3.937815214752014015e-01 4.050571558515717042e-06
3.955889441717378441e-01 4.307397493713248913e-06
3.973963668682742867e-01 4.595827407717619128e-06
3.992037895648107293e-01 4.936588039738627774e-06
4.010112122613471719e-01 5.344796108003377881e-06
4.028186349578835590e-01 5.796889095777337669e-06
4.046260576544200016e-01 6.367221275982962242e-06
4.064334803509564442e-01 7.077366047347751460e-06
4.082409030474928868e-01 7.939070999249427780e-06
4.100483257440293294e-01 9.030035574053995410e-06
4.118557484405657720e-01 1.075998163980760896e-05
4.136631711371022146e-01 1.317619146495127867e-05
4.154705938336386017e-01 1.665091607395713735e-05
4.172780165301750444e-01 2.209320018108847195e-05
4.190854392267114870e-01 3.026714343906848769e-05
4.208928619232479296e-01 4.008556927060476298e-05
4.227002846197843722e-01 5.712160986030647195e-05
4.245077073163208148e-01 8.603796441694172266e-05
4.263151300128572574e-01 1.226850614725497968e-04
4.281225527093937000e-01 1.784136550785632403e-04
4.299299754059300871e-01 2.722738186638835509e-04
4.317373981024665297e-01 3.734100804997886021e-04
4.335448207990029723e-01 5.491666672588804395e-04
4.353522434955394149e-01 7.536768073854668588e-04
4.371596661920758575e-01 1.109463190637849025e-03
4.389670888886123001e-01 1.419646283868460090e-03
4.407745115851487427e-01 1.805739027745019822e-03
4.425819342816851854e-01 2.283108757390491309e-03
4.443893569782215724e-01 3.006215969650500100e-03
4.461967796747580151e-01 3.644053040687599953e-03
4.480042023712944577e-01 4.035682241687968755e-03
4.498116250678309003e-01 4.447507327392629349e-03
4.516190477643673429e-01 4.432122014849982500e-03
4.534264704609037855e-01 4.816283170778149630e-03
4.552338931574402281e-01 4.537880929888413011e-03
4.570413158539766707e-01 1.644871544945154546e-03
4.588487385505130578e-01 2.129520232554586923e-05
4.606561612470495004e-01 1.116309563260523992e-05
4.624635839435859430e-01 9.145455447334239834e-06
4.642710066401223856e-01 8.086531584108803717e-06
4.660784293366588282e-01 7.454503303040889846e-06
4.678858520331952708e-01 7.073964587537244119e-06
4.696932747297317134e-01 6.846853842375748576e-06
4.715006974262681005e-01 6.735062666997275411e-06
4.733081201228045432e-01 6.719600332204650722e-06
4.751155428193409858e-01 6.778953205803276280e-06
4.769229655158774284e-01 6.902433694517736833e-06
4.787303882124138710e-01 7.091239861388881761e-06
4.805378109089503136e-01 7.347622516472014729e-06
4.823452336054867562e-01 7.673313627966051520e-06
4.841526563020231988e-01 8.059298623295896400e-06
4.859600789985595859e-01 8.520293065797186877e-06
4.877675016950960285e-01 9.081640849323177646e-06
4.895749243916324711e-01 9.728647284607510996e-06
4.913823470881689137e-01 1.048018195685219839e-05
4.931897697847053563e-01 1.135777050287198639e-05
4.949971924812417989e-01 1.240636680778036881e-05
4.968046151777782415e-01 1.362758709514456911e-05
4.986120378743146841e-01 1.503677825572365939e-05
5.004194605708510712e-01 1.674859653847284764e-05
5.022268832673875139e-01 1.880556796901912701e-05
5.040343059639239565e-01 2.122623463066111154e-05
5.058417286604603991e-01 2.425050832290026522e-05
5.076491513569968417e-01 2.817845945777253499e-05
5.094565740535332843e-01 3.322810481980600033e-05
5.112639967500697269e-01 3.968429414736549698e-05
5.130714194466061695e-01 4.935496004477584364e-05
5.148788421431426121e-01 6.315404304406497453e-05
5.166862648396790547e-01 8.462838097120273554e-05
5.184936875362154973e-01 1.146498248082216607e-04
5.203011102327519399e-01 1.640823270572669488e-04
5.221085329292882715e-01 2.433143204663671018e-04
5.239159556258247141e-01 3.854139800693851090e-04
5.257233783223611567e-01 6.044976626255446671e-04
5.275308010188975993e-01 9.907390946393046689e-04
5.293382237154340419e-01 1.547833618691243397e-03
5.311456464119704846e-01 2.303963827176181301e-03
5.329530691085069272e-01 3.661502704425020991e-03
5.347604918050433698e-01 5.932217521749835222e-03
5.365679145015798124e-01 8.566728706829207160e-03
5.383753371981162550e-01 1.342664905120658121e-02
5.401827598946526976e-01 2.019803090343672003e-02
5.419901825911891402e-01 2.799313265959745695e-02
5.437976052877255828e-01 4.241688129793014239e-02
5.456050279842620254e-01 5.952193482944724556e-02
5.474124506807984680e-01 6.581000538963401036e-02
5.492198733773347996e-01 1.066979941389537417e-01
5.510272960738712422e-01 1.263033090314590601e-01
5.528347187704076848e-01 1.323682404978087368e-01
5.546421414669441274e-01 2.099688745897594633e-01
5.564495641634805700e-01 2.041253699090078699e-01
5.582569868600170127e-01 9.996676515057993651e-02
5.600644095565534553e-01 6.127717679856946320e-03
5.618718322530898979e-01 2.089574519510193390e-05
5.636792549496263405e-01 1.785812695482544051e-09
5.654866776461627831e-01 3.733845206299704495e-12
