1.570796326794896697e-02 1.674964247036025673e+07
3.372592113412572340e-02 5.212125137929018140e+08
5.174387900030247983e-02 4.233497041087584496e+08
6.976183686647924320e-02 5.205779280827409029e+08
8.777979473265598576e-02 3.012282545710704923e+08
1.057977525988327561e-01 2.342184477777241170e+08
1.238157104650094986e-01 2.153739106644856930e+08
1.418336683311862412e-01 1.171204219698977917e+08
1.598516261973630115e-01 1.081727515454446524e+08
1.778695840635397818e-01 8.955949861467018723e+07
1.958875419297165243e-01 6.488866718517412990e+07
2.139054997958932669e-01 5.852240751248644292e+07
2.319234576620700372e-01 5.345933564142443985e+07
2.499414155282468075e-01 4.148706015259043127e+07
2.679593733944235501e-01 3.451666214727735519e+07
2.859773312606003204e-01 3.008461565404406562e+07
3.039952891267770907e-01 2.988785443954183161e+07
3.220132469929538610e-01 2.633744550884602964e+07
3.400312048591306313e-01 2.318060181877305731e+07
3.580491627253073461e-01 2.140907419347661734e+07
3.760671205914841164e-01 1.941751407107670978e+07
3.940850784576608867e-01 1.790837403934017569e+07
4.121030363238376015e-01 1.579349695751406439e+07
4.301209941900143718e-01 1.496698643387113325e+07
4.481389520561911421e-01 1.369818143224259838e+07
4.661569099223679125e-01 1.241775021729812957e+07
4.841748677885446828e-01 1.197741248038900830e+07
5.021928256547213421e-01 1.068444077987199277e+07
5.202107835208981124e-01 1.071549325779735297e+07
5.382287413870748827e-01 1.015182330921272375e+07
5.562466992532516530e-01 9.436462027905626222e+06
5.742646571194284233e-01 8.815254336410969496e+06
5.922826149856051936e-01 8.340785729248126969e+06
6.103005728517819639e-01 8.129651959521214478e+06
6.283185307179587342e-01 8.004615363063677214e+06
6.463364885841355045e-01 7.599213691507911310e+06
6.643544464503122748e-01 7.229360772712412290e+06
6.823724043164889341e-01 7.160267947764059529e+06
7.003903621826657044e-01 6.889117020364847966e+06
7.184083200488424747e-01 6.694091208180543035e+06
7.364262779150192451e-01 6.490633990495669656e+06
7.544442357811960154e-01 6.384051791187742725e+06
7.724621936473727857e-01 6.422381644548460841e+06
7.904801515135495560e-01 6.163774446623530239e+06
8.084981093797262153e-01 6.031426466632376425e+06
8.265160672459029856e-01 5.943530040780802257e+06
8.445340251120797559e-01 5.840404636904956773e+06
8.625519829782565262e-01 5.731973436292077415e+06
8.805699408444332965e-01 5.770943371365455911e+06
8.985878987106100668e-01 5.674755871350456029e+06
9.166058565767868371e-01 5.569891304321594536e+06
9.346238144429636074e-01 5.562950676663604565e+06
9.526417723091403778e-01 5.544406027618950233e+06
9.706597301753170370e-01 5.517855669540585950e+06
9.886776880414938073e-01 5.425120947153111920e+06
1.006695645907670578e+00 5.477194193064004183e+06
1.024713603773847126e+00 5.463954204201768152e+06
1.042731561640023896e+00 5.404245262252248824e+06
1.060749519506200667e+00 5.473474001320852898e+06
1.078767477372377437e+00 5.457625470568807796e+06
1.096785435238554207e+00 5.432594376352144405e+06
1.114803393104730977e+00 5.473811839170522057e+06
1.132821350970907748e+00 5.469779887287055142e+06
1.150839308837084518e+00 5.448855010230031796e+06
1.168857266703261288e+00 5.478295818278659135e+06
1.186875224569438059e+00 5.524636194738944061e+06
1.204893182435614829e+00 5.539647013677823357e+06
1.222911140301791599e+00 5.509939746742891148e+06
1.240929098167968370e+00 5.632222301262187771e+06
1.258947056034145140e+00 5.736475504465195350e+06
1.276965013900321910e+00 5.767160902480152436e+06
1.294982971766498681e+00 5.854594677184404805e+06
1.313000929632675451e+00 5.910151406037663110e+06
1.331018887498851999e+00 5.959263594698307104e+06
1.349036845365028769e+00 6.046359474303084426e+06
1.367054803231205540e+00 6.076877871175115928e+06
1.385072761097382310e+00 6.145955501924131066e+06
1.403090718963559080e+00 6.188764011138487607e+06
1.421108676829735851e+00 6.357330190055063926e+06
1.439126634695912621e+00 6.461764778349640779e+06
1.457144592562089391e+00 6.632667558247609995e+06
1.475162550428266162e+00 6.685973077417238615e+06
1.493180508294442932e+00 6.865110502027492970e+06
1.511198466160619702e+00 6.986367042016298510e+06
1.529216424026796473e+00 7.102925112563007511e+06
1.547234381892973243e+00 7.218503048449812457e+06
1.565252339759150013e+00 7.482988248694152571e+06
1.583270297625326783e+00 7.568786583512873389e+06
1.601288255491503332e+00 7.917326792858103290e+06
1.619306213357680102e+00 8.189452723966798745e+06
1.637324171223856872e+00 8.215838429175985977e+06
1.655342129090033643e+00 8.657165022672787309e+06
1.673360086956210413e+00 8.727484969940595329e+06
1.691378044822387183e+00 9.264527902875717729e+06
1.709396002688563954e+00 9.749095884351516142e+06
1.727413960554740724e+00 1.002578600575313531e+07
1.745431918420917494e+00 1.026427859310684912e+07
1.763449876287094265e+00 7.707806639525912702e+06
1.781467834153271035e+00 6.557402160734218545e+06
1.799485792019447805e+00 6.078124704591589980e+06
1.817503749885624575e+00 5.793137135323994793e+06
1.835521707751801346e+00 5.678010960246267729e+06
1.853539665617978116e+00 5.622489482452371158e+06
1.871557623484154886e+00 5.569660855387364514e+06
1.889575581350331657e+00 5.580400378994329832e+06
1.907593539216508205e+00 5.583222049203662202e+06
1.925611497082684975e+00 5.604692340887360275e+06
1.943629454948861746e+00 5.665812229382987134e+06
1.961647412815038516e+00 5.713597764446147718e+06
1.979665370681215286e+00 5.775580022339832038e+06
1.997683328547392057e+00 5.847229266559775919e+06
2.015701286413568827e+00 5.956814526485268958e+06
2.033719244279745375e+00 6.067945295368999243e+06
2.051737202145922367e+00 6.142895218524277210e+06
2.069755160012098916e+00 6.240031289000852965e+06
2.087773117878275908e+00 6.392438899667180143e+06
2.105791075744452456e+00 6.549184990060565993e+06
2.123809033610629449e+00 6.705545976237019524e+06
2.141826991476805997e+00 6.919201621659573168e+06
2.159844949342982989e+00 7.164034248392822221e+06
2.177862907209159538e+00 7.363350010252124630e+06
2.195880865075336530e+00 7.620791161289094016e+06
2.213898822941513078e+00 7.926661167274580337e+06
2.231916780807690071e+00 8.157892492363073863e+06
2.249934738673866619e+00 8.422047851913042367e+06
2.267952696540043611e+00 8.700562785486934707e+06
2.285970654406220159e+00 9.053353044282827526e+06
2.303988612272397152e+00 9.402922685349635780e+06
2.322006570138573700e+00 9.533101376583127305e+06
2.340024528004750248e+00 1.021793176581232809e+07
2.358042485870927241e+00 1.066175209419279732e+07
2.376060443737103789e+00 1.117596644156571664e+07
2.394078401603280781e+00 1.095630285201545246e+07
2.412096359469457330e+00 1.117323709826583788e+07
2.430114317335634322e+00 1.175101778902289458e+07
2.448132275201810870e+00 9.988127618639267981e+06
2.466150233067987863e+00 7.961306793943681754e+06
2.484168190934164411e+00 6.065986287201198749e+06
2.502186148800341403e+00 6.168746736474283040e+06
2.520204106666517951e+00 6.317615318605013192e+06
2.538222064532694944e+00 6.476694350805679336e+06
2.556240022398871492e+00 6.742092912962118164e+06
2.574257980265048484e+00 6.907925769176777452e+06
2.592275938131225033e+00 7.262089791686732322e+06
2.610293895997402025e+00 7.673813634456585161e+06
2.628311853863578573e+00 7.996311813191711903e+06
2.646329811729755122e+00 8.513285287245573476e+06
2.664347769595932114e+00 9.075301124475745484e+06
2.682365727462108662e+00 9.656394860794706270e+06
2.700383685328285654e+00 1.075441713614294864e+07
2.718401643194462203e+00 1.148217311435343884e+07
2.736419601060639195e+00 1.278183943795209005e+07
2.754437558926815743e+00 1.391259380462871492e+07
2.772455516792992736e+00 1.563374586149396561e+07
2.790473474659169284e+00 1.722384882034973055e+07
2.808491432525346276e+00 1.947797956956627965e+07
2.826509390391522825e+00 2.215576822387637943e+07
2.844527348257699817e+00 2.377798135192206874e+07
2.862545306123876365e+00 2.732763971328717843e+07
2.880563263990053358e+00 2.990534021977248415e+07
2.898581221856229906e+00 3.786205844395470619e+07
2.916599179722406454e+00 4.714692928901428729e+07
2.934617137588583446e+00 4.633459680469059199e+07
2.952635095454759995e+00 6.209908710315311700e+07
2.970653053320936987e+00 6.100659504840464145e+07
2.988671011187113535e+00 7.706276452741567791e+07
3.006688969053290528e+00 4.651454201010930538e+07
3.024706926919467076e+00 4.699677266120641492e+06
3.042724884785644068e+00 1.444819130614264170e+06
3.060742842651820617e+00 1.151446780623452971e+06
3.078760800517997609e+00 5.278568730776880402e+05
