1.570796326794896653e-03 3.312748346362837765e+04
3.378219023331332106e-03 1.679857909861353983e+05
5.185641719867767341e-03 9.365579609063970565e+04
6.993064416404203010e-03 2.211356212763820076e+05
8.800487112940638679e-03 2.904637405374746886e+05
1.060790980947707261e-02 2.191348550135923433e+05
1.241533250601350828e-02 3.124372454395257519e+05
1.422275520254994395e-02 2.978510252995613264e+05
1.603017789908638135e-02 3.064604594292194233e+05
1.783760059562281355e-02 2.693282781724192901e+05
1.964502329215924922e-02 3.099098385555280838e+05
2.145244598869568489e-02 2.709848958390972111e+05
2.325986868523212056e-02 2.516643165868888900e+05
2.506729138176855623e-02 2.519924908802429854e+05
2.687471407830499190e-02 2.230657619950856897e+05
2.868213677484142757e-02 2.111092270788779715e+05
3.048955947137786324e-02 1.908958705911283323e+05
3.229698216791430238e-02 1.886532877219198854e+05
3.410440486445073111e-02 1.771819439155978034e+05
3.591182756098716677e-02 1.652026262166965462e+05
3.771925025752360244e-02 1.668280928862952860e+05
3.952667295406003811e-02 1.578515998638501915e+05
4.133409565059647378e-02 1.475426231280372303e+05
4.314151834713290945e-02 1.449191602316386998e+05
4.494894104366934512e-02 1.441795494003098866e+05
4.675636374020578079e-02 1.375614415109989641e+05
4.856378643674221646e-02 1.370532416690157261e+05
5.037120913327865213e-02 1.335423781265724392e+05
5.217863182981508779e-02 1.318836240666929516e+05
5.398605452635152346e-02 1.268595507875423355e+05
5.579347722288795913e-02 1.248561287754863006e+05
5.760089991942439480e-02 1.246148802499831363e+05
5.940832261596083047e-02 1.158307255946185469e+05
6.121574531249726614e-02 1.137989839550287143e+05
6.302316800903370875e-02 1.102816356087510067e+05
6.483059070557013748e-02 1.098491890841328859e+05
6.663801340210656621e-02 1.066300003005632898e+05
6.844543609864300882e-02 1.031060250104707957e+05
7.025285879517943755e-02 1.018531177003288467e+05
7.206028149171588015e-02 9.637205190191831207e+04
7.386770418825230888e-02 9.257639601765951375e+04
7.567512688478875149e-02 8.972297516721559805e+04
7.748254958132518022e-02 8.611786296046053758e+04
7.928997227786162283e-02 8.395329400697106030e+04
8.109739497439805156e-02 8.257636804958710854e+04
8.290481767093449417e-02 7.986973994038868113e+04
8.471224036747092290e-02 7.937318310000488418e+04
8.651966306400736550e-02 7.702101138146458834e+04
8.832708576054379424e-02 7.758602613192275749e+04
9.013450845708023684e-02 7.726342599863914074e+04
9.194193115361666557e-02 7.515607024624579935e+04
9.374935385015310818e-02 7.519017685577641532e+04
9.555677654668953691e-02 7.417040203962412488e+04
9.736419924322597952e-02 7.303392157876108831e+04
9.917162193976240825e-02 7.230548285967967240e+04
1.009790446362988509e-01 7.203966455912523088e+04
1.027864673328352796e-01 7.123055747444108420e+04
1.045938900293717222e-01 7.069881630103282805e+04
1.064013127259081509e-01 7.048315965803473955e+04
1.082087354224445935e-01 6.915991919284363394e+04
1.100161581189810223e-01 6.816172152846951212e+04
1.118235808155174649e-01 6.723825067754593329e+04
1.136310035120538936e-01 6.575912806060805451e+04
1.154384262085903362e-01 6.526515065584179683e+04
1.172458489051267649e-01 6.427206540236368164e+04
1.190532716016631937e-01 6.369709889677475439e+04
1.208606942981996363e-01 6.243086797400068463e+04
1.226681169947360650e-01 6.120225197121484234e+04
1.244755396912725076e-01 5.994830784142691118e+04
1.262829623878089502e-01 5.988365199789417966e+04
1.280903850843453928e-01 5.938011624523211503e+04
1.298978077808818354e-01 5.821886309172955225e+04
1.317052304774182503e-01 5.797589293770843506e+04
1.335126531739546929e-01 5.784462480943740229e+04
1.353200758704911355e-01 5.792257076650119416e+04
1.371274985670275781e-01 5.723726620313953026e+04
1.389349212635639930e-01 5.695899628398790082e+04
1.407423439601004356e-01 5.687124880553174444e+04
1.425497666566368782e-01 5.681193574069776514e+04
1.443571893531733208e-01 5.696943023363083921e+04
1.461646120497097356e-01 5.657623680779064307e+04
1.479720347462461782e-01 5.622843546389373660e+04
1.497794574427826209e-01 5.632380470715655247e+04
1.515868801393190635e-01 5.616767859746929025e+04
1.533943028358554783e-01 5.582174851758258592e+04
1.552017255323919209e-01 5.582047563251575048e+04
1.570091482289283635e-01 5.578069536008251453e+04
1.588165709254648061e-01 5.536504786973356386e+04
1.606239936220012210e-01 5.458665741929857177e+04
1.624314163185376636e-01 5.448914748450573097e+04
1.642388390150741062e-01 5.447194634712249535e+04
1.660462617116105488e-01 5.438977230538788717e+04
1.678536844081469637e-01 5.401823443468974438e+04
1.696611071046834063e-01 5.406201345533700805e+04
1.714685298012198489e-01 5.383766345074565470e+04
1.732759524977562915e-01 5.334287432283386443e+04
1.750833751942927063e-01 5.353049531002012372e+04
1.768907978908291490e-01 5.322744726637058193e+04
1.786982205873655916e-01 5.304738931729944306e+04
1.805056432839020064e-01 5.313774123797797802e+04
1.823130659804384490e-01 5.274951186794022942e+04
1.841204886769748916e-01 5.283049668354760070e+04
1.859279113735113342e-01 5.277855939179041161e+04
1.877353340700477491e-01 5.280948499436381826e+04
1.895427567665841917e-01 5.320963496735328954e+04
1.913501794631206343e-01 5.282152484984500916e+04
1.931576021596570769e-01 5.277248258266966877e+04
1.949650248561934918e-01 5.305735992190657998e+04
1.967724475527299344e-01 5.293135599941090913e+04
1.985798702492663770e-01 5.307240934546505741e+04
2.003872929458028196e-01 5.314397191996314359e+04
2.021947156423392344e-01 5.346794561717032047e+04
2.040021383388756770e-01 5.323633460075696348e+04
2.058095610354121197e-01 5.344038092626493017e+04
2.076169837319485623e-01 5.348165042528772028e+04
2.094244064284849771e-01 5.334742589773810323e+04
2.112318291250214197e-01 5.349380513885918481e+04
2.130392518215578623e-01 5.378312586264742276e+04
2.148466745180943049e-01 5.368308886492135935e+04
2.166540972146307198e-01 5.350263757461404020e+04
2.184615199111671624e-01 5.347509053817251697e+04
2.202689426077036050e-01 5.366599674979633710e+04
2.220763653042400476e-01 5.367013196611492458e+04
2.238837880007764625e-01 5.394201308353195054e+04
2.256912106973129051e-01 5.395203850446609431e+04
2.274986333938493477e-01 5.397593500874706660e+04
2.293060560903857903e-01 5.409663118346383999e+04
2.311134787869222051e-01 5.407861652739878627e+04
2.329209014834586478e-01 5.431236820534204162e+04
2.347283241799950904e-01 5.433403160950875463e+04
2.365357468765315052e-01 5.480337257688920363e+04
2.383431695730679478e-01 5.455196551135334448e+04
2.401505922696043904e-01 5.511642318916697695e+04
2.419580149661408330e-01 5.525334248685187777e+04
2.437654376626772479e-01 5.522634103204043640e+04
2.455728603592136905e-01 5.555331844340082898e+04
2.473802830557501331e-01 5.569227912956311047e+04
2.491877057522865757e-01 5.587961480713495257e+04
2.509951284488229906e-01 5.599120382046052691e+04
2.528025511453594332e-01 5.623214180699674762e+04
2.546099738418958758e-01 5.605999534429154301e+04
2.564173965384323184e-01 5.631585928995637369e+04
2.582248192349687610e-01 5.656585678606053261e+04
2.600322419315052036e-01 5.686357421075065213e+04
2.618396646280415907e-01 5.691171552890780731e+04
2.636470873245780333e-01 5.720799023403273895e+04
2.654545100211144759e-01 5.736316439643562626e+04
2.672619327176509185e-01 5.781937210512198362e+04
2.690693554141873611e-01 5.775778782648178458e+04
2.708767781107238037e-01 5.793129220310085657e+04
2.726842008072602463e-01 5.820836400632939331e+04
2.744916235037966890e-01 5.857346952324213635e+04
2.762990462003330761e-01 5.877822436506245140e+04
2.781064688968695187e-01 5.873824886924514431e+04
2.799138915934059613e-01 5.909729576375938632e+04
2.817213142899424039e-01 5.947800843646577414e+04
2.835287369864788465e-01 5.929628009462026239e+04
2.853361596830152891e-01 5.978422207360505126e+04
2.871435823795517317e-01 6.017176132673394022e+04
2.889510050760881743e-01 6.022573256310829311e+04
2.907584277726245614e-01 6.028709291038412630e+04
2.925658504691610040e-01 6.076801430173733388e+04
2.943732731656974466e-01 6.057422630496292550e+04
2.961806958622338892e-01 6.090933112200161850e+04
2.979881185587703318e-01 6.114567507624962309e+04
2.997955412553067744e-01 6.159874974623043818e+04
3.016029639518432170e-01 6.153948987363233027e+04
3.034103866483796041e-01 6.162821928384718194e+04
3.052178093449160468e-01 6.225098715678365988e+04
3.070252320414524894e-01 6.221602670442694216e+04
3.088326547379889320e-01 6.216537537010045344e+04
3.106400774345253746e-01 6.265893612284133997e+04
3.124475001310618172e-01 6.287872588499811536e+04
3.142549228275982598e-01 6.298520640160757466e+04
3.160623455241347024e-01 6.296298266004284960e+04
3.178697682206710895e-01 6.344553754584398121e+04
3.196771909172075321e-01 6.329566339001448068e+04
3.214846136137439747e-01 6.305804221006936132e+04
3.232920363102804173e-01 6.303830324454705988e+04
3.250994590068168599e-01 6.119124143825027568e+04
3.269068817033533025e-01 5.890509953512880747e+04
3.287143043998897451e-01 5.772012051766295917e+04
3.305217270964261878e-01 5.659650377083541389e+04
3.323291497929625748e-01 5.601307024741445639e+04
3.341365724894990175e-01 5.550227871846801281e+04
3.359439951860354601e-01 5.497072006369991141e+04
3.377514178825719027e-01 5.459999301550941891e+04
3.395588405791083453e-01 5.470768253278964403e+04
3.413662632756447879e-01 5.410816440147788671e+04
3.431736859721812305e-01 5.419726473025957966e+04
3.449811086687176731e-01 5.390424907982081641e+04
3.467885313652540602e-01 5.390259741302373732e+04
3.485959540617905028e-01 5.377671731560749322e+04
3.504033767583269454e-01 5.404017507029748231e+04
3.522107994548633880e-01 5.420596661971409776e+04
3.540182221513998306e-01 5.430155941919209727e+04
3.558256448479362732e-01 5.428228521257505054e+04
3.576330675444727158e-01 5.423555425090427889e+04
3.594404902410091029e-01 5.452272014403169305e+04
3.612479129375455456e-01 5.457083305625271169e+04
3.630553356340819882e-01 5.470504675419168052e+04
3.648627583306184308e-01 5.481478215718911088e+04
3.666701810271548734e-01 5.499095329948763538e+04
3.684776037236913160e-01 5.537240695249299461e+04
3.702850264202277586e-01 5.529125429571212590e+04
3.720924491167642012e-01 5.570183081586727349e+04
3.738998718133005883e-01 5.569618403678725736e+04
3.757072945098370309e-01 5.609353117171576741e+04
3.775147172063734735e-01 5.659223236889568943e+04
3.793221399029099161e-01 5.687196875749323226e+04
3.811295625994463587e-01 5.705061761321016093e+04
3.829369852959828013e-01 5.737982838423967769e+04
3.847444079925192439e-01 5.752081675825292041e+04
3.865518306890556866e-01 5.780357371202905051e+04
3.883592533855920736e-01 5.806994398157063551e+04
3.901666760821285163e-01 5.838269290440715849e+04
3.919740987786649589e-01 5.881615552469488466e+04
3.937815214752014015e-01 5.925516569187463028e+04
3.955889441717378441e-01 5.970012431772315176e+04
3.973963668682742867e-01 6.030107427894897410e+04
3.992037895648107293e-01 6.040797855439250270e+04
4.010112122613471719e-01 6.084266299968786916e+04
4.028186349578835590e-01 6.128024481933932839e+04
4.046260576544200016e-01 6.204528889501534286e+04
4.064334803509564442e-01 6.211723777168759261e+04
4.082409030474928868e-01 6.285987993276543421e+04
4.100483257440293294e-01 6.315382241836051253e+04
4.118557484405657720e-01 6.375450286575873179e+04
4.136631711371022146e-01 6.411325911507488490e+04
4.154705938336386017e-01 6.452285997614993539e+04
4.172780165301750444e-01 6.491034844049439562e+04
4.190854392267114870e-01 6.551347327582643629e+04
4.208928619232479296e-01 6.584119069681486872e+04
4.227002846197843722e-01 6.611932034606092202e+04
4.245077073163208148e-01 6.642682059470162494e+04
4.263151300128572574e-01 6.636700921361440851e+04
4.281225527093937000e-01 6.650325568153829954e+04
4.299299754059300871e-01 6.692380723157334432e+04
4.317373981024665297e-01 6.702973932066452107e+04
4.335448207990029723e-01 6.703891569637648354e+04
4.353522434955394149e-01 6.758710835098967073e+04
4.371596661920758575e-01 6.771957686073867080e+04
4.389670888886123001e-01 6.820477198254187533e+04
4.407745115851487427e-01 6.758337734541000100e+04
4.425819342816851854e-01 6.720302743704100430e+04
4.443893569782215724e-01 6.644096934563985269e+04
4.461967796747580151e-01 6.624937121525159455e+04
4.480042023712944577e-01 6.550861646268815821e+04
4.498116250678309003e-01 6.432763864498187468e+04
4.516190477643673429e-01 6.342775441040788428e+04
4.534264704609037855e-01 6.182116802577503404e+04
4.552338931574402281e-01 6.021004309156478121e+04
4.570413158539766707e-01 5.817167189115523070e+04
4.588487385505130578e-01 5.750600794844772463e+04
4.606561612470495004e-01 5.714565769702765101e+04
4.624635839435859430e-01 5.718633192152696574e+04
4.642710066401223856e-01 5.775601550448511989e+04
4.660784293366588282e-01 5.846671706622877537e+04
4.678858520331952708e-01 5.847539683573769435e+04
4.696932747297317134e-01 5.884188431494661927e+04
4.715006974262681005e-01 5.976464421907925862e+04
4.733081201228045432e-01 6.080727246115094749e+04
4.751155428193409858e-01 6.210766830297328852e+04
4.769229655158774284e-01 6.207214123552296223e+04
4.787303882124138710e-01 6.315333134222731314e+04
4.805378109089503136e-01 6.387928258622251451e+04
4.823452336054867562e-01 6.442157967704132170e+04
4.841526563020231988e-01 6.474499893237641663e+04
4.859600789985595859e-01 6.626172084831038956e+04
4.877675016950960285e-01 6.675968019600071420e+04
4.895749243916324711e-01 6.804643796461359307e+04
4.913823470881689137e-01 7.012202563248202205e+04
4.931897697847053563e-01 7.074245369218637643e+04
4.949971924812417989e-01 7.315426354040722072e+04
4.968046151777782415e-01 7.319523551201318332e+04
4.986120378743146841e-01 7.563712484560927260e+04
5.004194605708510712e-01 7.725370481122049387e+04
5.022268832673875139e-01 7.865075585377657262e+04
5.040343059639239565e-01 8.284116503746967646e+04
5.058417286604603991e-01 8.431563654177605349e+04
5.076491513569968417e-01 8.737484385174930503e+04
5.094565740535332843e-01 9.042731541241443483e+04
5.112639967500697269e-01 9.437512353702913970e+04
5.130714194466061695e-01 9.604926857308280887e+04
5.148788421431426121e-01 9.931358715396230400e+04
5.166862648396790547e-01 1.031185392385177838e+05
5.184936875362154973e-01 1.053092505149815843e+05
5.203011102327519399e-01 1.126486837457715592e+05
5.221085329292882715e-01 1.116895873107009393e+05
5.239159556258247141e-01 1.105320527844138269e+05
5.257233783223611567e-01 1.165389162853216112e+05
5.275308010188975993e-01 1.158082315785923711e+05
5.293382237154340419e-01 1.213658062668924831e+05
5.311456464119704846e-01 1.210874087751961924e+05
5.329530691085069272e-01 1.271047382820121420e+05
5.347604918050433698e-01 1.264896098457483022e+05
5.365679145015798124e-01 1.321784095661238243e+05
5.383753371981162550e-01 1.382498363097425899e+05
5.401827598946526976e-01 1.432502695897305966e+05
5.419901825911891402e-01 1.517184005154183833e+05
5.437976052877255828e-01 1.526898188197228592e+05
5.456050279842620254e-01 1.477617973925032420e+05
5.474124506807984680e-01 1.434204526807397779e+05
5.492198733773347996e-01 1.420757520423312380e+05
5.510272960738712422e-01 1.748235301288544724e+05
5.528347187704076848e-01 1.625250524422820890e+05
5.546421414669441274e-01 9.920669745525477629e+04
5.564495641634805700e-01 8.427641516810435860e+04
5.582569868600170127e-01 4.268892103980862885e+04
5.600644095565534553e-01 2.249345364984576372e+04
5.618718322530898979e-01 1.499674624396275613e+04
5.636792549496263405e-01 1.027908669395898141e+04
5.654866776461627831e-01 7.879421074605192189e+03
