5.0000e-06 3.4833e-24 8.7192e-17 1.5915e+02
5.1048e-06 3.4808e-24 8.9948e-17 1.4955e+02
5.2118e-06 3.4782e-24 9.2790e-17 1.4053e+02
5.3210e-06 3.4757e-24 9.5723e-17 1.3205e+02
5.4326e-06 3.4732e-24 9.8748e-17 1.2408e+02
5.5464e-06 3.4706e-24 1.0187e-16 1.1660e+02
5.6627e-06 3.4681e-24 1.0509e-16 1.0956e+02
5.7814e-06 3.4656e-24 1.0841e-16 1.0295e+02
5.9026e-06 3.4631e-24 1.1184e-16 9.6740e+01
6.0263e-06 3.4605e-24 1.1537e-16 9.0903e+01
6.1526e-06 3.4580e-24 1.1902e-16 8.5418e+01
6.2816e-06 3.4555e-24 1.2278e-16 8.0264e+01
6.4132e-06 3.4530e-24 1.2666e-16 7.5422e+01
6.5477e-06 3.4505e-24 1.3066e-16 7.0871e+01
6.6849e-06 3.4480e-24 1.3479e-16 6.6595e+01
6.8250e-06 3.4455e-24 1.3905e-16 6.2577e+01
6.9681e-06 3.4430e-24 1.4345e-16 5.8801e+01
7.1142e-06 6.2255e-01 6.2949e-05 5.5254e+01
7.2633e-06 6.3514e-01 6.5615e-05 5.1920e+01
7.4155e-06 6.4798e-01 6.8395e-05 4.8787e+01
7.5709e-06 6.6108e-01 7.1292e-05 4.5844e+01
7.7296e-06 6.7445e-01 7.4312e-05 4.3078e+01
7.8917e-06 6.8808e-01 7.7460e-05 4.0479e+01
8.0571e-06 7.0199e-01 8.0741e-05 3.8036e+01
8.2260e-06 7.1619e-01 8.4161e-05 3.5741e+01
8.3984e-06 7.3067e-01 8.7726e-05 3.3585e+01
8.5744e-06 7.4544e-01 9.1443e-05 3.1559e+01
8.7541e-06 7.6051e-01 9.5316e-05 2.9654e+01
8.9376e-06 7.7588e-01 9.9354e-05 2.7865e+01
9.1250e-06 7.9157e-01 1.0356e-04 2.6184e+01
9.3162e-06 8.0757e-01 1.0795e-04 2.4604e+01
9.5115e-06 8.2390e-01 1.1252e-04 2.3120e+01
9.7109e-06 8.4056e-01 1.1729e-04 2.1725e+01
9.9144e-06 8.5755e-01 1.2226e-04 2.0414e+01
1.0122e-05 8.7489e-01 1.2744e-04 1.9182e+01
1.0334e-05 8.9258e-01 1.3283e-04 1.8025e+01
1.0551e-05 9.1062e-01 1.3846e-04 1.6937e+01
1.0772e-05 9.2903e-01 1.4433e-04 1.5915e+01
1.0998e-05 9.4782e-01 1.5044e-04 1.4955e+01
1.1228e-05 9.6698e-01 1.5681e-04 1.4053e+01
1.1464e-05 9.8653e-01 1.6346e-04 1.3205e+01
1.1704e-05 1.0065e+00 1.7038e-04 1.2408e+01
1.1949e-05 1.0268e+00 1.7760e-04 1.1660e+01
1.2200e-05 1.0476e+00 1.8512e-04 1.0956e+01
1.2456e-05 1.0688e+00 1.9296e-04 1.0295e+01
1.2717e-05 1.0904e+00 2.0114e-04 9.6740e+00
1.2983e-05 1.1124e+00 2.0966e-04 9.0903e+00
1.3255e-05 1.1349e+00 2.1854e-04 8.5418e+00
1.3533e-05 1.1578e+00 2.2779e-04 8.0264e+00
1.3817e-05 1.1813e+00 2.3744e-04 7.5422e+00
1.4107e-05 1.2051e+00 2.4750e-04 7.0871e+00
1.4402e-05 1.2295e+00 2.5799e-04 6.6595e+00
1.4704e-05 1.2544e+00 2.6892e-04 6.2577e+00
1.5012e-05 1.2797e+00 2.8031e-04 5.8801e+00
1.5327e-05 1.3056e+00 2.9218e-04 5.5254e+00
1.5648e-05 1.3320e+00 3.0456e-04 5.1920e+00
1.5976e-05 1.3589e+00 3.1746e-04 4.8787e+00
1.6311e-05 1.3864e+00 3.3091e-04 4.5844e+00
1.6653e-05 1.4144e+00 3.4492e-04 4.3078e+00
1.7002e-05 1.4430e+00 3.5953e-04 4.0479e+00
1.7358e-05 1.4722e+00 3.7476e-04 3.8036e+00
1.7722e-05 1.5019e+00 3.9064e-04 3.5741e+00
1.8094e-05 1.5323e+00 4.0719e-04 3.3585e+00
1.8473e-05 1.5633e+00 4.2444e-04 3.1559e+00
1.8860e-05 1.5949e+00 4.4241e-04 2.9654e+00
1.9256e-05 1.6271e+00 4.6116e-04 2.7865e+00
1.9659e-05 1.6600e+00 4.8069e-04 2.6184e+00
2.0071e-05 1.6936e+00 5.0105e-04 2.4604e+00
2.0492e-05 1.7278e+00 5.2228e-04 2.3120e+00
2.0921e-05 1.7628e+00 5.4440e-04 2.1725e+00
2.1360e-05 1.7984e+00 5.6746e-04 2.0414e+00
2.1808e-05 1.8348e+00 5.9150e-04 1.9182e+00
2.2265e-05 1.8718e+00 6.1656e-04 1.8025e+00
2.2731e-05 1.9097e+00 6.4267e-04 1.6937e+00
2.3208e-05 1.9483e+00 6.6990e-04 1.5915e+00
2.3694e-05 1.9877e+00 6.9827e-04 1.4955e+00
2.4191e-05 2.0279e+00 7.2785e-04 1.4053e+00
2.4698e-05 2.0689e+00 7.5868e-04 1.3205e+00
2.5216e-05 2.1107e+00 7.9082e-04 1.2408e+00
2.5744e-05 2.1534e+00 8.2432e-04 1.1660e+00
2.6284e-05 2.1969e+00 8.5924e-04 1.0956e+00
2.6835e-05 2.2413e+00 8.9564e-04 1.0295e+00
2.7397e-05 2.2866e+00 9.3358e-04 9.6740e-01
2.7972e-05 2.3328e+00 9.7312e-04 9.0903e-01
2.8558e-05 2.3800e+00 1.0143e-03 8.5418e-01
2.9157e-05 2.4281e+00 1.0573e-03 8.0264e-01
2.9768e-05 2.4772e+00 1.1021e-03 7.5422e-01
3.0392e-05 2.5273e+00 1.1488e-03 7.0871e-01
3.1029e-05 2.5784e+00 1.1974e-03 6.6595e-01
3.1679e-05 2.6305e+00 1.2482e-03 6.2577e-01
3.2343e-05 2.6837e+00 1.3010e-03 5.8801e-01
3.3021e-05 2.7379e+00 1.3561e-03 5.5254e-01
3.3713e-05 2.7933e+00 1.4136e-03 5.1920e-01
3.4420e-05 2.8497e+00 1.4735e-03 4.8787e-01
3.5141e-05 2.9073e+00 1.5359e-03 4.5844e-01
3.5878e-05 2.9661e+00 1.6009e-03 4.3078e-01
3.6630e-05 3.0261e+00 1.6688e-03 4.0479e-01
3.7398e-05 3.0872e+00 1.7395e-03 3.8036e-01
3.8181e-05 3.1496e+00 1.8131e-03 3.5741e-01
3.8982e-05 3.2133e+00 1.8899e-03 3.3585e-01
3.9799e-05 3.2783e+00 1.9700e-03 3.1559e-01
4.0633e-05 3.3445e+00 2.0534e-03 2.9654e-01
4.1485e-05 3.4121e+00 2.1404e-03 2.7865e-01
4.2354e-05 3.4811e+00 2.2311e-03 2.6184e-01
4.3242e-05 3.5515e+00 2.3256e-03 2.4604e-01
4.4148e-05 3.6232e+00 2.4241e-03 2.3120e-01
4.5074e-05 3.6965e+00 2.5268e-03 2.1725e-01
4.6019e-05 3.7712e+00 2.6338e-03 2.0414e-01
4.6983e-05 3.8474e+00 2.7454e-03 1.9182e-01
4.7968e-05 3.9252e+00 2.8617e-03 1.8025e-01
4.8973e-05 4.0045e+00 2.9829e-03 1.6937e-01
5.0000e-05 4.0855e+00 3.1092e-03 1.5915e-01
5.1048e-05 4.1680e+00 3.2409e-03 1.4955e-01
5.2118e-05 4.2523e+00 3.3782e-03 1.4053e-01
5.3210e-05 4.3382e+00 3.5213e-03 1.3205e-01
5.4326e-05 4.4259e+00 3.6704e-03 1.2408e-01
5.5464e-05 4.5154e+00 3.8259e-03 1.1660e-01
5.6627e-05 4.6066e+00 3.9880e-03 1.0956e-01
5.7814e-05 4.6997e+00 4.1569e-03 1.0295e-01
5.9026e-05 4.7947e+00 4.3330e-03 9.6740e-02
6.0263e-05 4.8916e+00 4.5165e-03 9.0903e-02
6.1526e-05 4.9904e+00 4.7078e-03 8.5418e-02
6.2816e-05 5.0913e+00 4.9072e-03 8.0264e-02
6.4132e-05 5.1942e+00 5.1150e-03 7.5422e-02
6.5477e-05 5.2991e+00 5.3317e-03 7.0871e-02
6.6849e-05 5.4062e+00 5.5575e-03 6.6595e-02
6.8250e-05 5.5155e+00 5.7929e-03 6.2577e-02
6.9681e-05 5.6269e+00 6.0383e-03 5.8801e-02
7.1142e-05 5.7406e+00 6.2940e-03 5.5254e-02
7.2633e-05 5.8566e+00 6.5606e-03 5.1920e-02
7.4155e-05 5.9749e+00 6.8385e-03 4.8787e-02
7.5709e-05 6.0957e+00 7.1281e-03 4.5844e-02
7.7296e-05 6.2188e+00 7.4300e-03 4.3078e-02
7.8917e-05 6.3445e+00 7.7447e-03 4.0479e-02
8.0571e-05 6.4726e+00 8.0727e-03 3.8036e-02
8.2260e-05 6.6034e+00 8.4146e-03 3.5741e-02
8.3984e-05 6.7368e+00 8.7710e-03 3.3585e-02
8.5744e-05 6.8729e+00 9.1424e-03 3.1559e-02
8.7541e-05 7.0117e+00 9.5296e-03 2.9654e-02
8.9376e-05 7.1534e+00 9.9332e-03 2.7865e-02
9.1250e-05 7.2978e+00 1.0354e-02 2.6184e-02
9.3162e-05 7.4452e+00 1.0792e-02 2.4604e-02
9.5115e-05 7.5956e+00 1.1249e-02 2.3120e-02
9.7109e-05 7.7490e+00 1.1726e-02 2.1725e-02
9.9144e-05 7.9055e+00 1.2222e-02 2.0414e-02
1.0122e-04 8.0652e+00 1.2740e-02 1.9182e-02
1.0334e-04 8.2280e+00 1.3280e-02 1.8025e-02
1.0551e-04 8.3942e+00 1.3842e-02 1.6937e-02
1.0772e-04 8.5637e+00 1.4428e-02 1.5915e-02
1.0998e-04 8.7366e+00 1.5039e-02 1.4955e-02
1.1228e-04 8.9130e+00 1.5676e-02 1.4053e-02
1.1464e-04 9.0929e+00 1.6340e-02 1.3205e-02
1.1704e-04 9.2765e+00 1.7032e-02 1.2408e-02
1.1949e-04 9.4637e+00 1.7753e-02 1.1660e-02
1.2200e-04 9.6547e+00 1.8505e-02 1.0956e-02
1.2456e-04 9.8496e+00 1.9288e-02 1.0295e-02
1.2717e-04 1.0048e+01 2.0105e-02 9.6740e-03
1.2983e-04 1.0251e+01 2.0956e-02 9.0903e-03
1.3255e-04 1.0458e+01 2.1843e-02 8.5418e-03
1.3533e-04 1.0669e+01 2.2768e-02 8.0264e-03
1.3817e-04 1.0884e+01 2.3732e-02 7.5422e-03
1.4107e-04 1.1104e+01 2.4737e-02 7.0871e-03
1.4402e-04 1.1328e+01 2.5784e-02 6.6595e-03
1.4704e-04 1.1556e+01 2.6876e-02 6.2577e-03
1.5012e-04 1.1789e+01 2.8014e-02 5.8801e-03
1.5327e-04 1.2027e+01 2.9200e-02 5.5254e-03
1.5648e-04 1.2270e+01 3.0436e-02 5.1920e-03
1.5976e-04 1.2517e+01 3.1724e-02 4.8787e-03
1.6311e-04 1.2769e+01 3.3067e-02 4.5844e-03
1.6653e-04 1.3027e+01 3.4467e-02 4.3078e-03
1.7002e-04 1.3289e+01 3.5926e-02 4.0479e-03
1.7358e-04 1.3557e+01 3.7446e-02 3.8036e-03
1.7722e-04 1.3830e+01 3.9031e-02 3.5741e-03
1.8094e-04 1.4109e+01 4.0683e-02 3.3585e-03
1.8473e-04 1.4393e+01 4.2405e-02 3.1559e-03
1.8860e-04 1.4683e+01 4.4200e-02 2.9654e-03
1.9256e-04 1.4979e+01 4.6070e-02 2.7865e-03
1.9659e-04 1.5280e+01 4.8020e-02 2.6184e-03
2.0071e-04 1.5588e+01 5.0052e-02 2.4604e-03
2.0492e-04 1.5901e+01 5.2170e-02 2.3120e-03
2.0921e-04 1.6221e+01 5.4377e-02 2.1725e-03
2.1360e-04 1.6548e+01 5.6678e-02 2.0414e-03
2.1808e-04 1.6881e+01 5.9076e-02 1.9182e-03
2.2265e-04 1.7220e+01 6.1575e-02 1.8025e-03
2.2731e-04 1.7566e+01 6.4180e-02 1.6937e-03
2.3208e-04 1.7920e+01 6.6895e-02 1.5915e-03
2.3694e-04 1.8280e+01 6.9725e-02 1.4955e-03
2.4191e-04 1.8647e+01 7.2674e-02 1.4053e-03
2.4698e-04 1.9022e+01 7.5748e-02 1.3205e-03
2.5216e-04 1.9404e+01 7.8951e-02 1.2408e-03
2.5744e-04 1.9793e+01 8.2290e-02 1.1660e-03
2.6284e-04 2.0191e+01 8.5770e-02 1.0956e-03
2.6835e-04 2.0596e+01 8.9396e-02 1.0295e-03
2.7397e-04 2.1009e+01 9.3176e-02 9.6740e-04
2.7972e-04 2.1430e+01 9.7116e-02 9.0903e-04
2.8558e-04 2.1860e+01 1.0122e-01 8.5418e-04
2.9157e-04 2.2298e+01 1.0550e-01 8.0264e-04
2.9768e-04 2.2745e+01 1.0996e-01 7.5422e-04
3.0392e-04 2.3200e+01 1.1461e-01 7.0871e-04
3.1029e-04 2.3665e+01 1.1945e-01 6.6595e-04
3.1679e-04 2.4138e+01 1.2450e-01 6.2577e-04
3.2343e-04 2.4621e+01 1.2976e-01 5.8801e-04
3.3021e-04 2.5114e+01 1.3524e-01 5.5254e-04
3.3713e-04 2.5616e+01 1.4095e-01 5.1920e-04
3.4420e-04 2.6128e+01 1.4691e-01 4.8787e-04
3.5141e-04 2.6650e+01 1.5311e-01 4.5844e-04
3.5878e-04 2.7182e+01 1.5958e-01 4.3078e-04
3.6630e-04 2.7724e+01 1.6632e-01 4.0479e-04
3.7398e-04 2.8277e+01 1.7334e-01 3.8036e-04
3.8181e-04 2.8841e+01 1.8066e-01 3.5741e-04
3.8982e-04 2.9415e+01 1.8828e-01 3.3585e-04
3.9799e-04 3.0001e+01 1.9623e-01 3.1559e-04
4.0633e-04 3.0598e+01 2.0451e-01 2.9654e-04
4.1485e-04 3.1207e+01 2.1314e-01 2.7865e-04
4.2354e-04 3.1827e+01 2.2213e-01 2.6184e-04
4.3242e-04 3.2460e+01 2.3150e-01 2.4604e-04
4.4148e-04 3.3104e+01 2.4126e-01 2.3120e-04
4.5074e-04 3.3761e+01 2.5144e-01 2.1725e-04
4.6019e-04 3.4431e+01 2.6204e-01 2.0414e-04
4.6983e-04 3.5113e+01 2.7309e-01 1.9182e-04
4.7968e-04 3.5809e+01 2.8460e-01 1.8025e-04
4.8973e-04 3.6517e+01 2.9659e-01 1.6937e-04
5.0000e-04 3.7239e+01 3.0909e-01 1.5915e-04
5.1048e-04 3.7975e+01 3.2211e-01 1.4955e-04
5.2118e-04 3.8725e+01 3.3568e-01 1.4053e-04
5.3210e-04 3.9489e+01 3.4981e-01 1.3205e-04
5.4326e-04 4.0268e+01 3.6454e-01 1.2408e-04
5.5464e-04 4.1061e+01 3.7988e-01 1.1660e-04
5.6627e-04 4.1869e+01 3.9587e-01 1.0956e-04
5.7814e-04 4.2692e+01 4.1253e-01 1.0295e-04
5.9026e-04 4.3531e+01 4.2988e-01 9.6740e-05
6.0263e-04 4.4385e+01 4.4796e-01 9.0903e-05
6.1526e-04 4.5255e+01 4.6680e-01 8.5418e-05
6.2816e-04 4.6142e+01 4.8642e-01 8.0264e-05
6.4132e-04 4.7044e+01 5.0687e-01 7.5422e-05
6.5477e-04 4.7964e+01 5.2816e-01 7.0871e-05
6.6849e-04 4.8900e+01 5.5035e-01 6.6595e-05
6.8250e-04 4.9854e+01 5.7346e-01 6.2577e-05
6.9681e-04 5.0825e+01 5.9754e-01 5.8801e-05
7.1142e-04 5.1814e+01 6.2262e-01 5.5254e-05
7.2633e-04 5.2821e+01 6.4874e-01 5.1920e-05
7.4155e-04 5.3846e+01 6.7596e-01 4.8787e-05
7.5709e-04 5.4890e+01 7.0430e-01 4.5844e-05
7.7296e-04 5.5953e+01 7.3383e-01 4.3078e-05
7.8917e-04 5.7035e+01 7.6458e-01 4.0479e-05
8.0571e-04 5.8136e+01 7.9662e-01 3.8036e-05
8.2260e-04 5.9256e+01 8.2998e-01 3.5741e-05
8.3984e-04 6.0397e+01 8.6473e-01 3.3585e-05
8.5744e-04 6.1558e+01 9.0092e-01 3.1559e-05
8.7541e-04 6.2739e+01 9.3861e-01 2.9654e-05
8.9376e-04 6.3942e+01 9.7786e-01 2.7865e-05
9.1250e-04 6.5165e+01 1.0187e+00 2.6184e-05
9.3162e-04 6.6409e+01 1.0613e+00 2.4604e-05
9.5115e-04 6.7675e+01 1.1056e+00 2.3120e-05
9.7109e-04 6.8963e+01 1.1518e+00 2.1725e-05
9.9144e-04 7.0273e+01 1.1999e+00 2.0414e-05
1.0122e-03 7.1605e+01 1.2499e+00 1.9182e-05
1.0334e-03 7.2960e+01 1.3021e+00 1.8025e-05
1.0551e-03 7.4338e+01 1.3563e+00 1.6937e-05
1.0772e-03 7.5739e+01 1.4128e+00 1.5915e-05
1.0998e-03 7.7163e+01 1.4717e+00 1.4955e-05
1.1228e-03 7.8612e+01 1.5329e+00 1.4053e-05
1.1464e-03 8.0084e+01 1.5967e+00 1.3205e-05
1.1704e-03 8.1580e+01 1.6631e+00 1.2408e-05
1.1949e-03 8.3100e+01 1.7322e+00 1.1660e-05
1.2200e-03 8.4646e+01 1.8041e+00 1.0956e-05
1.2456e-03 8.6216e+01 1.8790e+00 1.0295e-05
1.2717e-03 8.7811e+01 1.9569e+00 9.6740e-06
1.2983e-03 8.9431e+01 2.0381e+00 9.0903e-06
1.3255e-03 9.1077e+01 2.1225e+00 8.5418e-06
1.3533e-03 9.2749e+01 2.2104e+00 8.0264e-06
1.3817e-03 9.4447e+01 2.3019e+00 7.5422e-06
1.4107e-03 9.6170e+01 2.3971e+00 7.0871e-06
1.4402e-03 9.7920e+01 2.4961e+00 6.6595e-06
1.4704e-03 9.9697e+01 2.5992e+00 6.2577e-06
1.5012e-03 1.0150e+02 2.7065e+00 5.8801e-06
1.5327e-03 1.0333e+02 2.8181e+00 5.5254e-06
1.5648e-03 1.0519e+02 2.9343e+00 5.1920e-06
1.5976e-03 1.0707e+02 3.0551e+00 4.8787e-06
1.6311e-03 1.0898e+02 3.1808e+00 4.5844e-06
1.6653e-03 1.1092e+02 3.3116e+00 4.3078e-06
1.7002e-03 1.1288e+02 3.4476e+00 4.0479e-06
1.7358e-03 1.1488e+02 3.5892e+00 3.8036e-06
1.7722e-03 1.1690e+02 3.7364e+00 3.5741e-06
1.8094e-03 1.1894e+02 3.8895e+00 3.3585e-06
1.8473e-03 1.2102e+02 4.0487e+00 3.1559e-06
1.8860e-03 1.2312e+02 4.2143e+00 2.9654e-06
1.9256e-03 1.2525e+02 4.3866e+00 2.7865e-06
1.9659e-03 1.2741e+02 4.5657e+00 2.6184e-06
2.0071e-03 1.2959e+02 4.7519e+00 2.4604e-06
2.0492e-03 1.3180e+02 4.9456e+00 2.3120e-06
2.0921e-03 1.3404e+02 5.1469e+00 2.1725e-06
2.1360e-03 1.3631e+02 5.3562e+00 2.0414e-06
2.1808e-03 1.3860e+02 5.5738e+00 1.9182e-06
2.2265e-03 1.4092e+02 5.8000e+00 1.8025e-06
2.2731e-03 1.4327e+02 6.0351e+00 1.6937e-06
2.3208e-03 1.4564e+02 6.2795e+00 1.5915e-06
2.3694e-03 1.4804e+02 6.5334e+00 1.4955e-06
2.4191e-03 1.5046e+02 6.7974e+00 1.4053e-06
2.4698e-03 1.5291e+02 7.0716e+00 1.3205e-06
2.5216e-03 1.5539e+02 7.3566e+00 1.2408e-06
2.5744e-03 1.5789e+02 7.6527e+00 1.1660e-06
2.6284e-03 1.6041e+02 7.9603e+00 1.0956e-06
2.6835e-03 1.6296e+02 8.2798e+00 1.0295e-06
2.7397e-03 1.6553e+02 8.6118e+00 9.6740e-07
2.7972e-03 1.6813e+02 8.9566e+00 9.0903e-07
2.8558e-03 1.7074e+02 9.3146e+00 8.5418e-07
2.9157e-03 1.7338e+02 9.6865e+00 8.0264e-07
2.9768e-03 1.7604e+02 1.0073e+01 7.5422e-07
3.0392e-03 1.7872e+02 1.0474e+01 7.0871e-07
3.1029e-03 1.8142e+02 1.0890e+01 6.6595e-07
3.1679e-03 1.8414e+02 1.1322e+01 6.2577e-07
3.2343e-03 1.8687e+02 1.1771e+01 5.8801e-07
3.3021e-03 1.8963e+02 1.2236e+01 5.5254e-07
3.3713e-03 1.9240e+02 1.2719e+01 5.1920e-07
3.4420e-03 1.9518e+02 1.3221e+01 4.8787e-07
3.5141e-03 1.9798e+02 1.3741e+01 4.5844e-07
3.5878e-03 2.0080e+02 1.4281e+01 4.3078e-07
3.6630e-03 2.0362e+02 1.4841e+01 4.0479e-07
3.7398e-03 2.0646e+02 1.5422e+01 3.8036e-07
3.8181e-03 2.0931e+02 1.6025e+01 3.5741e-07
3.8982e-03 2.1216e+02 1.6650e+01 3.3585e-07
3.9799e-03 2.1502e+02 1.7298e+01 3.1559e-07
4.0633e-03 2.1789e+02 1.7969e+01 2.9654e-07
4.1485e-03 2.2077e+02 1.8666e+01 2.7865e-07
4.2354e-03 2.2364e+02 1.9388e+01 2.6184e-07
4.3242e-03 2.2652e+02 2.0136e+01 2.4604e-07
4.4148e-03 2.2940e+02 2.0912e+01 2.3120e-07
4.5074e-03 2.3227e+02 2.1716e+01 2.1725e-07
4.6019e-03 2.3514e+02 2.2548e+01 2.0414e-07
4.6983e-03 2.3801e+02 2.3411e+01 1.9182e-07
4.7968e-03 2.4087e+02 2.4304e+01 1.8025e-07
4.8973e-03 2.4372e+02 2.5229e+01 1.6937e-07
5.0000e-03 2.4656e+02 2.6187e+01 1.5915e-07
5.1048e-03 2.4938e+02 2.7179e+01 1.4955e-07
5.2118e-03 2.5219e+02 2.8206e+01 1.4053e-07
5.3210e-03 2.5499e+02 2.9269e+01 1.3205e-07
5.4326e-03 2.5776e+02 3.0368e+01 1.2408e-07
5.5464e-03 2.6051e+02 3.1506e+01 1.1660e-07
5.6627e-03 2.6323e+02 3.2683e+01 1.0956e-07
5.7814e-03 2.6592e+02 3.3901e+01 1.0295e-07
5.9026e-03 2.6859e+02 3.5160e+01 9.6740e-08
6.0263e-03 2.7122e+02 3.6462e+01 9.0903e-08
6.1526e-03 2.7382e+02 3.7808e+01 8.5418e-08
6.2816e-03 2.7638e+02 3.9199e+01 8.0264e-08
6.4132e-03 2.7889e+02 4.0636e+01 7.5422e-08
6.5477e-03 2.8137e+02 4.2121e+01 7.0871e-08
6.6849e-03 2.8379e+02 4.3655e+01 6.6595e-08
6.8250e-03 2.8616e+02 4.5239e+01 6.2577e-08
6.9681e-03 2.8848e+02 4.6874e+01 5.8801e-08
7.1142e-03 2.9074e+02 4.8563e+01 5.5254e-08
7.2633e-03 2.9295e+02 5.0305e+01 5.1920e-08
7.4155e-03 2.9508e+02 5.2103e+01 4.8787e-08
7.5709e-03 2.9715e+02 5.3957e+01 4.5844e-08
7.7296e-03 2.9915e+02 5.5870e+01 4.3078e-08
7.8917e-03 3.0107e+02 5.7842e+01 4.0479e-08
8.0571e-03 3.0291e+02 5.9874e+01 3.8036e-08
8.2260e-03 3.0468e+02 6.1968e+01 3.5741e-08
8.3984e-03 3.0635e+02 6.4126e+01 3.3585e-08
8.5744e-03 3.0794e+02 6.6347e+01 3.1559e-08
8.7541e-03 3.0943e+02 6.8635e+01 2.9654e-08
8.9376e-03 3.1082e+02 7.0989e+01 2.7865e-08
9.1250e-03 3.1211e+02 7.3411e+01 2.6184e-08
9.3162e-03 3.1330e+02 7.5903e+01 2.4604e-08
9.5115e-03 3.1437e+02 7.8465e+01 2.3120e-08
9.7109e-03 3.1534e+02 8.1098e+01 2.1725e-08
9.9144e-03 3.1618e+02 8.3804e+01 2.0414e-08
1.0122e-02 3.1691e+02 8.6583e+01 1.9182e-08
1.0334e-02 3.1750e+02 8.9436e+01 1.8025e-08
1.0551e-02 3.1797e+02 9.2365e+01 1.6937e-08
1.0772e-02 3.1831e+02 9.5369e+01 1.5915e-08
1.0998e-02 3.1851e+02 9.8450e+01 1.4955e-08
1.1228e-02 3.1858e+02 1.0161e+02 1.4053e-08
1.1464e-02 3.1850e+02 1.0484e+02 1.3205e-08
1.1704e-02 3.1827e+02 1.0816e+02 1.2408e-08
1.1949e-02 3.1789e+02 1.1155e+02 1.1660e-08
1.2200e-02 3.1736e+02 1.1502e+02 1.0956e-08
1.2456e-02 3.1668e+02 1.1858e+02 1.0295e-08
1.2717e-02 3.1584e+02 1.2221e+02 9.6740e-09
1.2983e-02 3.1485e+02 1.2591e+02 9.0903e-09
1.3255e-02 3.1369e+02 1.2970e+02 8.5418e-09
1.3533e-02 3.1237e+02 1.3357e+02 8.0264e-09
1.3817e-02 3.1088e+02 1.3751e+02 7.5422e-09
1.4107e-02 3.0924e+02 1.4153e+02 7.0871e-09
1.4402e-02 3.0742e+02 1.4563e+02 6.6595e-09
1.4704e-02 3.0545e+02 1.4980e+02 6.2577e-09
1.5012e-02 3.0331e+02 1.5405e+02 5.8801e-09
1.5327e-02 3.0101e+02 1.5838e+02 5.5254e-09
1.5648e-02 2.9855e+02 1.6277e+02 5.1920e-09
1.5976e-02 2.9593e+02 1.6724e+02 4.8787e-09
1.6311e-02 2.9316e+02 1.7178e+02 4.5844e-09
1.6653e-02 2.9023e+02 1.7638e+02 4.3078e-09
1.7002e-02 2.8716e+02 1.8106e+02 4.0479e-09
1.7358e-02 2.8394e+02 1.8580e+02 3.8036e-09
1.7722e-02 2.8059e+02 1.9060e+02 3.5741e-09
1.8094e-02 2.7710e+02 1.9547e+02 3.3585e-09
1.8473e-02 2.7349e+02 2.0041e+02 3.1559e-09
1.8860e-02 2.6976e+02 2.0540e+02 2.9654e-09
1.9256e-02 2.6592e+02 2.1046e+02 2.7865e-09
1.9659e-02 2.6198e+02 2.1557e+02 2.6184e-09
2.0071e-02 2.5795e+02 2.2075e+02 2.4604e-09
2.0492e-02 2.5384e+02 2.2599e+02 2.3120e-09
2.0921e-02 2.4966e+02 2.3128e+02 2.1725e-09
2.1360e-02 2.4541e+02 2.3664e+02 2.0414e-09
2.1808e-02 2.4112e+02 2.4207e+02 1.9182e-09
2.2265e-02 2.3680e+02 2.4756e+02 1.8025e-09
2.2731e-02 2.3244e+02 2.5311e+02 1.6937e-09
2.3208e-02 2.2808e+02 2.5875e+02 1.5915e-09
2.3694e-02 2.2372e+02 2.6445e+02 1.4955e-09
2.4191e-02 2.1936e+02 2.7024e+02 1.4053e-09
2.4698e-02 2.1504e+02 2.7612e+02 1.3205e-09
2.5216e-02 2.1075e+02 2.8210e+02 1.2408e-09
2.5744e-02 2.0652e+02 2.8819e+02 1.1660e-09
2.6284e-02 2.0236e+02 2.9439e+02 1.0956e-09
2.6835e-02 1.9827e+02 3.0072e+02 1.0295e-09
2.7397e-02 1.9428e+02 3.0719e+02 9.6740e-10
2.7972e-02 1.9037e+02 3.1382e+02 9.0903e-10
2.8558e-02 1.8657e+02 3.2060e+02 8.5418e-10
2.9157e-02 1.8287e+02 3.2756e+02 8.0264e-10
2.9768e-02 1.7928e+02 3.3470e+02 7.5422e-10
3.0392e-02 1.7581e+02 3.4205e+02 7.0871e-10
3.1029e-02 1.7249e+02 3.4963e+02 6.6595e-10
3.1679e-02 1.6931e+02 3.5747e+02 6.2577e-10
3.2343e-02 1.6629e+02 3.6560e+02 5.8801e-10
3.3021e-02 1.6344e+02 3.7404e+02 5.5254e-10
3.3713e-02 1.6072e+02 3.8279e+02 5.1920e-10
3.4420e-02 1.5814e+02 3.9184e+02 4.8787e-10
3.5141e-02 1.5567e+02 4.0121e+02 4.5844e-10
3.5878e-02 1.5331e+02 4.1088e+02 4.3078e-10
3.6630e-02 1.5104e+02 4.2088e+02 4.0479e-10
3.7398e-02 1.4886e+02 4.3120e+02 3.8036e-10
3.8181e-02 1.4678e+02 4.4185e+02 3.5741e-10
3.8982e-02 1.4476e+02 4.5284e+02 3.3585e-10
3.9799e-02 1.4280e+02 4.6414e+02 3.1559e-10
4.0633e-02 1.4086e+02 4.7572e+02 2.9654e-10
4.1485e-02 1.3892e+02 4.8756e+02 2.7865e-10
4.2354e-02 1.3697e+02 4.9960e+02 2.6184e-10
4.3242e-02 1.3498e+02 5.1182e+02 2.4604e-10
4.4148e-02 1.3293e+02 5.2416e+02 2.3120e-10
4.5074e-02 1.3080e+02 5.3656e+02 2.1725e-10
4.6019e-02 1.2856e+02 5.4897e+02 2.0414e-10
4.6983e-02 1.2620e+02 5.6131e+02 1.9182e-10
4.7968e-02 1.2371e+02 5.7350e+02 1.8025e-10
4.8973e-02 1.2107e+02 5.8549e+02 1.6937e-10
5.0000e-02 1.1827e+02 5.9720e+02 1.5915e-10
5.1048e-02 1.1533e+02 6.0858e+02 1.4955e-10
5.2118e-02 1.1224e+02 6.1958e+02 1.4053e-10
5.3210e-02 1.0902e+02 6.3015e+02 1.3205e-10
5.4326e-02 1.0569e+02 6.4029e+02 1.2408e-10
5.5464e-02 1.0226e+02 6.4998e+02 1.1660e-10
5.6627e-02 9.8781e+01 6.5924e+02 1.0956e-10
5.7814e-02 9.5267e+01 6.6812e+02 1.0295e-10
5.9026e-02 9.1754e+01 6.7665e+02 9.6740e-11
6.0263e-02 8.8277e+01 6.8493e+02 9.0903e-11
6.1526e-02 8.4871e+01 6.9307e+02 8.5418e-11
6.2816e-02 8.1572e+01 7.0120e+02 8.0264e-11
6.4132e-02 7.8419e+01 7.0950e+02 7.5422e-11
6.5477e-02 7.5445e+01 7.1817e+02 7.0871e-11
6.6849e-02 7.2678e+01 7.2742e+02 6.6595e-11
6.8250e-02 7.0142e+01 7.3747e+02 6.2577e-11
6.9681e-02 6.7854e+01 7.4854e+02 5.8801e-11
7.1142e-02 6.5814e+01 7.6078e+02 5.5254e-11
7.2633e-02 6.4015e+01 7.7430e+02 5.1920e-11
7.4155e-02 6.2438e+01 7.8916e+02 4.8787e-11
7.5709e-02 6.1051e+01 8.0530e+02 4.5844e-11
7.7296e-02 5.9818e+01 8.2262e+02 4.3078e-11
7.8917e-02 5.8697e+01 8.4094e+02 4.0479e-11
8.0571e-02 5.7643e+01 8.6001e+02 3.8036e-11
8.2260e-02 5.6609e+01 8.7951e+02 3.5741e-11
8.3984e-02 5.5549e+01 8.9910e+02 3.3585e-11
8.5744e-02 5.4419e+01 9.1837e+02 3.1559e-11
8.7541e-02 5.3182e+01 9.3691e+02 2.9654e-11
8.9376e-02 5.1810e+01 9.5431e+02 2.7865e-11
9.1250e-02 5.0286e+01 9.7025e+02 2.6184e-11
9.3162e-02 4.8615e+01 9.8449e+02 2.4604e-11
9.5115e-02 4.6812e+01 9.9696e+02 2.3120e-11
9.7109e-02 4.4911e+01 1.0077e+03 2.1725e-11
9.9144e-02 4.2953e+01 1.0170e+03 2.0414e-11
1.0122e-01 4.0989e+01 1.0253e+03 1.9182e-11
1.0334e-01 3.9069e+01 1.0330e+03 1.8025e-11
1.0551e-01 3.7249e+01 1.0409e+03 1.6937e-11
1.0772e-01 3.5574e+01 1.0498e+03 1.5915e-11
1.0998e-01 3.4083e+01 1.0604e+03 1.4955e-11
1.1228e-01 3.2791e+01 1.0734e+03 1.4053e-11
1.1464e-01 3.1697e+01 1.0891e+03 1.3205e-11
1.1704e-01 3.0776e+01 1.1074e+03 1.2408e-11
1.1949e-01 2.9991e+01 1.1282e+03 1.1660e-11
1.2200e-01 2.9297e+01 1.1507e+03 1.0956e-11
1.2456e-01 2.8643e+01 1.1742e+03 1.0295e-11
1.2717e-01 2.7978e+01 1.1976e+03 9.6740e-12
1.2983e-01 2.7255e+01 1.2198e+03 9.0903e-12
1.3255e-01 2.6437e+01 1.2398e+03 8.5418e-12
1.3533e-01 2.5512e+01 1.2569e+03 8.0264e-12
1.3817e-01 2.4492e+01 1.2709e+03 7.5422e-12
1.4107e-01 2.3409e+01 1.2822e+03 7.0871e-12
1.4402e-01 2.2306e+01 1.2917e+03 6.6595e-12
1.4704e-01 2.1233e+01 1.3005e+03 6.2577e-12
1.5012e-01 2.0234e+01 1.3102e+03 5.8801e-12
1.5327e-01 1.9343e+01 1.3219e+03 5.5254e-12
1.5648e-01 1.8573e+01 1.3368e+03 5.1920e-12
1.5976e-01 1.7922e+01 1.3551e+03 4.8787e-12
1.6311e-01 1.7366e+01 1.3766e+03 4.5844e-12
1.6653e-01 1.6869e+01 1.4002e+03 4.3078e-12
1.7002e-01 1.6390e+01 1.4243e+03 4.0479e-12
1.7358e-01 1.5886e+01 1.4470e+03 3.8036e-12
1.7722e-01 1.5331e+01 1.4670e+03 3.5741e-12
1.8094e-01 1.4724e+01 1.4837e+03 3.3585e-12
1.8473e-01 1.4083e+01 1.4974e+03 3.1559e-12
1.8860e-01 1.3434e+01 1.5093e+03 2.9654e-12
1.9256e-01 1.2808e+01 1.5208e+03 2.7865e-12
1.9659e-01 1.2235e+01 1.5340e+03 2.6184e-12
2.0071e-01 1.1732e+01 1.5501e+03 2.4604e-12
2.0492e-01 1.1293e+01 1.5695e+03 2.3120e-12
2.0921e-01 1.0901e+01 1.5913e+03 2.1725e-12
2.1360e-01 1.0531e+01 1.6141e+03 2.0414e-12
2.1808e-01 1.0159e+01 1.6360e+03 1.9182e-12
2.2265e-01 9.7673e+00 1.6555e+03 1.8025e-12
2.2731e-01 9.3569e+00 1.6721e+03 1.6937e-12
2.3208e-01 8.9416e+00 1.6869e+03 1.5915e-12
2.3694e-01 8.5396e+00 1.7013e+03 1.4955e-12
2.4191e-01 8.1665e+00 1.7169e+03 1.4053e-12
2.4698e-01 7.8296e+00 1.7349e+03 1.3205e-12
2.5216e-01 7.5243e+00 1.7551e+03 1.2408e-12
2.5744e-01 7.2378e+00 1.7764e+03 1.1660e-12
2.6284e-01 6.9571e+00 1.7973e+03 1.0956e-12
2.6835e-01 6.6730e+00 1.8165e+03 1.0295e-12
2.7397e-01 6.3862e+00 1.8339e+03 9.6740e-13
2.7972e-01 6.1052e+00 1.8504e+03 9.0903e-13
2.8558e-01 5.8382e+00 1.8674e+03 8.5418e-13
2.9157e-01 5.5902e+00 1.8857e+03 8.0264e-13
2.9768e-01 5.3602e+00 1.9056e+03 7.5422e-13
3.0392e-01 5.1414e+00 1.9260e+03 7.0871e-13
3.1029e-01 4.9281e+00 1.9459e+03 6.6595e-13
3.1679e-01 4.7174e+00 1.9647e+03 6.2577e-13
3.2343e-01 4.5111e+00 1.9827e+03 5.8801e-13
3.3021e-01 4.3138e+00 2.0009e+03 5.5254e-13
3.3713e-01 4.1274e+00 2.0198e+03 5.1920e-13
3.4420e-01 3.9518e+00 2.0396e+03 4.8787e-13
3.5141e-01 3.7835e+00 2.0595e+03 4.5844e-13
3.5878e-01 3.6204e+00 2.0790e+03 4.3078e-13
3.6630e-01 3.4619e+00 2.0980e+03 4.0479e-13
3.7398e-01 3.3095e+00 2.1169e+03 3.8036e-13
3.8181e-01 3.1643e+00 2.1362e+03 3.5741e-13
3.8982e-01 3.0263e+00 2.1559e+03 3.3585e-13
3.9799e-01 2.8941e+00 2.1757e+03 3.1559e-13
4.0633e-01 2.7667e+00 2.1953e+03 2.9654e-13
4.1485e-01 2.6440e+00 2.2147e+03 2.7865e-13
4.2354e-01 2.5266e+00 2.2342e+03 2.6184e-13
4.3242e-01 2.4145e+00 2.2539e+03 2.4604e-13
4.4148e-01 2.3072e+00 2.2738e+03 2.3120e-13
4.5074e-01 2.2045e+00 2.2936e+03 2.1725e-13
4.6019e-01 2.1060e+00 2.3135e+03 2.0414e-13
4.6983e-01 2.0116e+00 2.3334e+03 1.9182e-13
4.7968e-01 1.9212e+00 2.3533e+03 1.8025e-13
4.8973e-01 1.8347e+00 2.3732e+03 1.6937e-13
5.0000e-01 1.7518e+00 2.3932e+03 1.5915e-13
5.1048e-01 1.6725e+00 2.4131e+03 1.4955e-13
5.2118e-01 1.5965e+00 2.4331e+03 1.4053e-13
5.3210e-01 1.5239e+00 2.4532e+03 1.3205e-13
5.4326e-01 1.4545e+00 2.4732e+03 1.2408e-13
5.5464e-01 1.3880e+00 2.4934e+03 1.1660e-13
5.6627e-01 1.3245e+00 2.5135e+03 1.0956e-13
5.7814e-01 1.2638e+00 2.5337e+03 1.0295e-13
5.9026e-01 1.2057e+00 2.5540e+03 9.6740e-14
6.0263e-01 1.1502e+00 2.5743e+03 9.0903e-14
6.1526e-01 1.0971e+00 2.5946e+03 8.5418e-14
6.2816e-01 1.0464e+00 2.6150e+03 8.0264e-14
6.4132e-01 9.9797e-01 2.6354e+03 7.5422e-14
6.5477e-01 9.5166e-01 2.6558e+03 7.0871e-14
6.6849e-01 9.0742e-01 2.6763e+03 6.6595e-14
6.8250e-01 8.6515e-01 2.6968e+03 6.2577e-14
6.9681e-01 8.2477e-01 2.7173e+03 5.8801e-14
7.1142e-01 7.8620e-01 2.7379e+03 5.5254e-14
7.2633e-01 7.4937e-01 2.7585e+03 5.1920e-14
7.4155e-01 7.1420e-01 2.7791e+03 4.8787e-14
7.5709e-01 6.8061e-01 2.7997e+03 4.5844e-14
7.7296e-01 6.4855e-01 2.8204e+03 4.3078e-14
7.8917e-01 6.1794e-01 2.8411e+03 4.0479e-14
8.0571e-01 5.8873e-01 2.8618e+03 3.8036e-14
8.2260e-01 5.6084e-01 2.8825e+03 3.5741e-14
8.3984e-01 5.3424e-01 2.9033e+03 3.3585e-14
8.5744e-01 5.0885e-01 2.9241e+03 3.1559e-14
8.7541e-01 4.8463e-01 2.9449e+03 2.9654e-14
8.9376e-01 4.6153e-01 2.9657e+03 2.7865e-14
9.1250e-01 4.3949e-01 2.9866e+03 2.6184e-14
9.3162e-01 4.1847e-01 3.0075e+03 2.4604e-14
9.5115e-01 3.9842e-01 3.0285e+03 2.3120e-14
9.7109e-01 3.7930e-01 3.0494e+03 2.1725e-14
9.9144e-01 3.6107e-01 3.0704e+03 2.0414e-14
1.0122e+00 3.4370e-01 3.0914e+03 1.9182e-14
1.0334e+00 3.2713e-01 3.1124e+03 1.8025e-14
1.0551e+00 3.1134e-01 3.1335e+03 1.6937e-14
1.0772e+00 2.9628e-01 3.1545e+03 1.5915e-14
1.0998e+00 2.8194e-01 3.1756e+03 1.4955e-14
1.1228e+00 2.6826e-01 3.1967e+03 1.4053e-14
1.1464e+00 2.5524e-01 3.2179e+03 1.3205e-14
1.1704e+00 2.4282e-01 3.2390e+03 1.2408e-14
1.1949e+00 2.3100e-01 3.2602e+03 1.1660e-14
1.2200e+00 2.1973e-01 3.2814e+03 1.0956e-14
1.2456e+00 2.0900e-01 3.3026e+03 1.0295e-14
1.2717e+00 1.9878e-01 3.3238e+03 9.6740e-15
1.2983e+00 1.8905e-01 3.3451e+03 9.0903e-15
1.3255e+00 1.7978e-01 3.3664e+03 8.5418e-15
1.3533e+00 1.7095e-01 3.3877e+03 8.0264e-15
1.3817e+00 1.6254e-01 3.4090e+03 7.5422e-15
1.4107e+00 1.5454e-01 3.4303e+03 7.0871e-15
1.4402e+00 1.4692e-01 3.4517e+03 6.6595e-15
1.4704e+00 1.3967e-01 3.4730e+03 6.2577e-15
1.5012e+00 1.3277e-01 3.4944e+03 5.8801e-15
1.5327e+00 1.2620e-01 3.5158e+03 5.5254e-15
1.5648e+00 1.1995e-01 3.5372e+03 5.1920e-15
1.5976e+00 1.1400e-01 3.5587e+03 4.8787e-15
1.6311e+00 1.0834e-01 3.5801e+03 4.5844e-15
1.6653e+00 1.0295e-01 3.6016e+03 4.3078e-15
1.7002e+00 9.7824e-02 3.6231e+03 4.0479e-15
1.7358e+00 9.2948e-02 3.6446e+03 3.8036e-15
1.7722e+00 8.8310e-02 3.6661e+03 3.5741e-15
1.8094e+00 8.3899e-02 3.6876e+03 3.3585e-15
1.8473e+00 7.9703e-02 3.7092e+03 3.1559e-15
1.8860e+00 7.5712e-02 3.7308e+03 2.9654e-15
1.9256e+00 7.1917e-02 3.7523e+03 2.7865e-15
1.9659e+00 6.8308e-02 3.7739e+03 2.6184e-15
2.0071e+00 6.4876e-02 3.7955e+03 2.4604e-15
2.0492e+00 6.1614e-02 3.8172e+03 2.3120e-15
2.0921e+00 5.8512e-02 3.8388e+03 2.1725e-15
2.1360e+00 5.5563e-02 3.8604e+03 2.0414e-15
2.1808e+00 5.2760e-02 3.8821e+03 1.9182e-15
2.2265e+00 5.0095e-02 3.9038e+03 1.8025e-15
2.2731e+00 4.7563e-02 3.9255e+03 1.6937e-15
2.3208e+00 4.5156e-02 3.9472e+03 1.5915e-15
2.3694e+00 4.2868e-02 3.9689e+03 1.4955e-15
2.4191e+00 4.0694e-02 3.9906e+03 1.4053e-15
2.4698e+00 3.8628e-02 4.0124e+03 1.3205e-15
2.5216e+00 3.6666e-02 4.0341e+03 1.2408e-15
2.5744e+00 3.4801e-02 4.0559e+03 1.1660e-15
2.6284e+00 3.3029e-02 4.0776e+03 1.0956e-15
2.6835e+00 3.1346e-02 4.0994e+03 1.0295e-15
2.7397e+00 2.9747e-02 4.1212e+03 9.6740e-16
2.7972e+00 2.8228e-02 4.1430e+03 9.0903e-16
2.8558e+00 2.6786e-02 4.1649e+03 8.5418e-16
2.9157e+00 2.5416e-02 4.1867e+03 8.0264e-16
2.9768e+00 2.4115e-02 4.2085e+03 7.5422e-16
3.0392e+00 2.2879e-02 4.2304e+03 7.0871e-16
3.1029e+00 2.1705e-02 4.2522e+03 6.6595e-16
3.1679e+00 2.0591e-02 4.2741e+03 6.2577e-16
3.2343e+00 1.9533e-02 4.2960e+03 5.8801e-16
3.3021e+00 1.8529e-02 4.3179e+03 5.5254e-16
3.3713e+00 1.7575e-02 4.3398e+03 5.1920e-16
3.4420e+00 1.6670e-02 4.3617e+03 4.8787e-16
3.5141e+00 1.5810e-02 4.3836e+03 4.5844e-16
3.5878e+00 1.4994e-02 4.4055e+03 4.3078e-16
3.6630e+00 1.4220e-02 4.4275e+03 4.0479e-16
3.7398e+00 1.3485e-02 4.4494e+03 3.8036e-16
3.8181e+00 1.2787e-02 4.4714e+03 3.5741e-16
3.8982e+00 1.2125e-02 4.4933e+03 3.3585e-16
3.9799e+00 1.1497e-02 4.5153e+03 3.1559e-16
4.0633e+00 1.0901e-02 4.5373e+03 2.9654e-16
4.1485e+00 1.0335e-02 4.5593e+03 2.7865e-16
4.2354e+00 9.7985e-03 4.5813e+03 2.6184e-16
4.3242e+00 9.2892e-03 4.6033e+03 2.4604e-16
4.4148e+00 8.8060e-03 4.6253e+03 2.3120e-16
4.5074e+00 8.3476e-03 4.6473e+03 2.1725e-16
4.6019e+00 7.9127e-03 4.6694e+03 2.0414e-16
4.6983e+00 7.5002e-03 4.6914e+03 1.9182e-16
4.7968e+00 7.1089e-03 4.7134e+03 1.8025e-16
4.8973e+00 6.7377e-03 4.7355e+03 1.6937e-16
5.0000e+00 6.3856e-03 4.7575e+03 1.5915e-16
5.1048e+00 6.0517e-03 4.7796e+03 1.4955e-16
5.2118e+00 5.7351e-03 4.8017e+03 1.4053e-16
5.3210e+00 5.4348e-03 4.8238e+03 1.3205e-16
5.4326e+00 5.1500e-03 4.8458e+03 1.2408e-16
5.5464e+00 4.8799e-03 4.8679e+03 1.1660e-16
5.6627e+00 4.6238e-03 4.8900e+03 1.0956e-16
5.7814e+00 4.3810e-03 4.9121e+03 1.0295e-16
5.9026e+00 4.1508e-03 4.9342e+03 9.6740e-17
6.0263e+00 3.9325e-03 4.9564e+03 9.0903e-17
6.1526e+00 3.7256e-03 4.9785e+03 8.5418e-17
6.2816e+00 3.5295e-03 5.0006e+03 8.0264e-17
6.4132e+00 3.3435e-03 5.0227e+03 7.5422e-17
6.5477e+00 3.1672e-03 5.0449e+03 7.0871e-17
6.6849e+00 3.0001e-03 5.0670e+03 6.6595e-17
6.8250e+00 2.8417e-03 5.0892e+03 6.2577e-17
6.9681e+00 2.6916e-03 5.1113e+03 5.8801e-17
7.1142e+00 2.5493e-03 5.1335e+03 5.5254e-17
7.2633e+00 2.4145e-03 5.1556e+03 5.1920e-17
7.4155e+00 2.2867e-03 5.1778e+03 4.8787e-17
7.5709e+00 2.1656e-03 5.2000e+03 4.5844e-17
7.7296e+00 2.0508e-03 5.2221e+03 4.3078e-17
7.8917e+00 1.9421e-03 5.2443e+03 4.0479e-17
8.0571e+00 1.8390e-03 5.2665e+03 3.8036e-17
8.2260e+00 1.7414e-03 5.2887e+03 3.5741e-17
8.3984e+00 1.6489e-03 5.3109e+03 3.3585e-17
8.5744e+00 1.5612e-03 5.3331e+03 3.1559e-17
8.7541e+00 1.4782e-03 5.3553e+03 2.9654e-17
8.9376e+00 1.3995e-03 5.3775e+03 2.7865e-17
9.1250e+00 1.3250e-03 5.3997e+03 2.6184e-17
9.3162e+00 1.2544e-03 5.4219e+03 2.4604e-17
9.5115e+00 1.1876e-03 5.4441e+03 2.3120e-17
9.7109e+00 1.1242e-03 5.4663e+03 2.1725e-17
9.9144e+00 1.0642e-03 5.4885e+03 2.0414e-17
1.0122e+01 1.0074e-03 5.5108e+03 1.9182e-17
1.0334e+01 9.5356e-04 5.5330e+03 1.8025e-17
1.0551e+01 9.0258e-04 5.5552e+03 1.6937e-17
1.0772e+01 8.5430e-04 5.5775e+03 1.5915e-17
1.0998e+01 8.0858e-04 5.5997e+03 1.4955e-17
1.1228e+01 7.6528e-04 5.6219e+03 1.4053e-17
1.1464e+01 7.2428e-04 5.6442e+03 1.3205e-17
1.1704e+01 6.8546e-04 5.6664e+03 1.2408e-17
1.1949e+01 6.4869e-04 5.6886e+03 1.1660e-17
1.2200e+01 6.1388e-04 5.7109e+03 1.0956e-17
1.2456e+01 5.8092e-04 5.7331e+03 1.0295e-17
1.2717e+01 5.4972e-04 5.7554e+03 9.6740e-18
1.2983e+01 5.2017e-04 5.7776e+03 9.0903e-18
1.3255e+01 4.9220e-04 5.7999e+03 8.5418e-18
1.3533e+01 4.6572e-04 5.8221e+03 8.0264e-18
1.3817e+01 4.4065e-04 5.8444e+03 7.5422e-18
1.4107e+01 4.1692e-04 5.8666e+03 7.0871e-18
1.4402e+01 3.9445e-04 5.8889e+03 6.6595e-18
1.4704e+01 3.7319e-04 5.9111e+03 6.2577e-18
1.5012e+01 3.5306e-04 5.9334e+03 5.8801e-18
1.5327e+01 3.3401e-04 5.9556e+03 5.5254e-18
1.5648e+01 3.1598e-04 5.9779e+03 5.1920e-18
1.5976e+01 2.9891e-04 6.0001e+03 4.8787e-18
1.6311e+01 2.8275e-04 6.0224e+03 4.5844e-18
1.6653e+01 2.6747e-04 6.0446e+03 4.3078e-18
1.7002e+01 2.5300e-04 6.0669e+03 4.0479e-18
1.7358e+01 2.3930e-04 6.0891e+03 3.8036e-18
1.7722e+01 2.2635e-04 6.1114e+03 3.5741e-18
1.8094e+01 2.1409e-04 6.1336e+03 3.3585e-18
1.8473e+01 2.0248e-04 6.1558e+03 3.1559e-18
1.8860e+01 1.9150e-04 6.1781e+03 2.9654e-18
1.9256e+01 1.8111e-04 6.2003e+03 2.7865e-18
1.9659e+01 1.7128e-04 6.2225e+03 2.6184e-18
2.0071e+01 1.6198e-04 6.2448e+03 2.4604e-18
2.0492e+01 1.5318e-04 6.2670e+03 2.3120e-18
2.0921e+01 1.4486e-04 6.2892e+03 2.1725e-18
2.1360e+01 1.3698e-04 6.3114e+03 2.0414e-18
2.1808e+01 1.2953e-04 6.3336e+03 1.9182e-18
2.2265e+01 1.2248e-04 6.3558e+03 1.8025e-18
2.2731e+01 1.1581e-04 6.3780e+03 1.6937e-18
2.3208e+01 1.0950e-04 6.4002e+03 1.5915e-18
2.3694e+01 1.0354e-04 6.4224e+03 1.4955e-18
2.4191e+01 9.7891e-05 6.4446e+03 1.4053e-18
2.4698e+01 9.2552e-05 6.4668e+03 1.3205e-18
2.5216e+01 8.7501e-05 6.4889e+03 1.2408e-18
2.5744e+01 8.2724e-05 6.5111e+03 1.1660e-18
2.6284e+01 7.8206e-05 6.5333e+03 1.0956e-18
2.6835e+01 7.3932e-05 6.5554e+03 1.0295e-18
2.7397e+01 6.9891e-05 6.5775e+03 9.6740e-19
2.7972e+01 6.6068e-05 6.5997e+03 9.0903e-19
2.8558e+01 6.2453e-05 6.6218e+03 8.5418e-19
2.9157e+01 5.9035e-05 6.6439e+03 8.0264e-19
2.9768e+01 5.5802e-05 6.6660e+03 7.5422e-19
3.0392e+01 5.2744e-05 6.6880e+03 7.0871e-19
3.1029e+01 4.9853e-05 6.7101e+03 6.6595e-19
3.1679e+01 4.7119e-05 6.7322e+03 6.2577e-19
3.2343e+01 4.4534e-05 6.7542e+03 5.8801e-19
3.3021e+01 4.2090e-05 6.7762e+03 5.5254e-19
3.3713e+01 3.9779e-05 6.7982e+03 5.1920e-19
3.4420e+01 3.7594e-05 6.8202e+03 4.8787e-19
3.5141e+01 3.5528e-05 6.8422e+03 4.5844e-19
3.5878e+01 3.3574e-05 6.8642e+03 4.3078e-19
3.6630e+01 3.1727e-05 6.8861e+03 4.0479e-19
3.7398e+01 2.9981e-05 6.9080e+03 3.8036e-19
3.8181e+01 2.8331e-05 6.9299e+03 3.5741e-19
3.8982e+01 2.6770e-05 6.9518e+03 3.3585e-19
3.9799e+01 2.5295e-05 6.9736e+03 3.1559e-19
4.0633e+01 2.3900e-05 6.9955e+03 2.9654e-19
4.1485e+01 2.2582e-05 7.0173e+03 2.7865e-19
4.2354e+01 2.1336e-05 7.0390e+03 2.6184e-19
4.3242e+01 2.0158e-05 7.0608e+03 2.4604e-19
4.4148e+01 1.9045e-05 7.0825e+03 2.3120e-19
4.5074e+01 1.7992e-05 7.1042e+03 2.1725e-19
4.6019e+01 1.6997e-05 7.1258e+03 2.0414e-19
4.6983e+01 1.6057e-05 7.1474e+03 1.9182e-19
4.7968e+01 1.5169e-05 7.1690e+03 1.8025e-19
4.8973e+01 1.4329e-05 7.1906e+03 1.6937e-19
5.0000e+01 1.3535e-05 7.2121e+03 1.5915e-19
5.1048e+01 1.2785e-05 7.2335e+03 1.4955e-19
5.2118e+01 1.2076e-05 7.2550e+03 1.4053e-19
5.3210e+01 1.1406e-05 7.2764e+03 1.3205e-19
5.4326e+01 1.0773e-05 7.2977e+03 1.2408e-19
5.5464e+01 1.0175e-05 7.3190e+03 1.1660e-19
5.6627e+01 9.6094e-06 7.3402e+03 1.0956e-19
5.7814e+01 9.0752e-06 7.3614e+03 1.0295e-19
5.9026e+01 8.5705e-06 7.3825e+03 9.6740e-20
6.0263e+01 8.0935e-06 7.4036e+03 9.0903e-20
6.1526e+01 7.6429e-06 7.4246e+03 8.5418e-20
6.2816e+01 7.2171e-06 7.4456e+03 8.0264e-20
6.4132e+01 6.8148e-06 7.4665e+03 7.5422e-20
6.5477e+01 6.4347e-06 7.4873e+03 7.0871e-20
6.6849e+01 6.0756e-06 7.5080e+03 6.6595e-20
6.8250e+01 5.7363e-06 7.5287e+03 6.2577e-20
6.9681e+01 5.4158e-06 7.5493e+03 5.8801e-20
7.1142e+01 5.1130e-06 7.5698e+03 5.5254e-20
7.2633e+01 4.8270e-06 7.5903e+03 5.1920e-20
7.4155e+01 4.5568e-06 7.6106e+03 4.8787e-20
7.5709e+01 4.3015e-06 7.6309e+03 4.5844e-20
7.7296e+01 4.0604e-06 7.6510e+03 4.3078e-20
7.8917e+01 3.8327e-06 7.6711e+03 4.0479e-20
8.0571e+01 3.6176e-06 7.6910e+03 3.8036e-20
8.2260e+01 3.4144e-06 7.7109e+03 3.5741e-20
8.3984e+01 3.2225e-06 7.7306e+03 3.3585e-20
8.5744e+01 3.0412e-06 7.7503e+03 3.1559e-20
8.7541e+01 2.8700e-06 7.7698e+03 2.9654e-20
8.9376e+01 2.7084e-06 7.7891e+03 2.7865e-20
9.1250e+01 2.5557e-06 7.8084e+03 2.6184e-20
9.3162e+01 2.4115e-06 7.8275e+03 2.4604e-20
9.5115e+01 2.2753e-06 7.8465e+03 2.3120e-20
9.7109e+01 2.1468e-06 7.8653e+03 2.1725e-20
9.9144e+01 2.0254e-06 7.8840e+03 2.0414e-20
1.0122e+02 1.9107e-06 7.9025e+03 1.9182e-20
1.0334e+02 1.8025e-06 7.9208e+03 1.8025e-20
1.0551e+02 1.7002e-06 7.9390e+03 1.6937e-20
1.0772e+02 1.6037e-06 7.9570e+03 1.5915e-20
1.0998e+02 1.5126e-06 7.9748e+03 1.4955e-20
1.1228e+02 1.4266e-06 7.9924e+03 1.4053e-20
1.1464e+02 1.3454e-06 8.0098e+03 1.3205e-20
1.1704e+02 1.2687e-06 8.0270e+03 1.2408e-20
1.1949e+02 1.1964e-06 8.0440e+03 1.1660e-20
1.2200e+02 1.1281e-06 8.0608e+03 1.0956e-20
1.2456e+02 1.0636e-06 8.0773e+03 1.0295e-20
1.2717e+02 1.0027e-06 8.0936e+03 9.6740e-21
1.2983e+02 9.4527e-07 8.1097e+03 9.0903e-21
1.3255e+02 8.9106e-07 8.1255e+03 8.5418e-21
1.3533e+02 8.3989e-07 8.1410e+03 8.0264e-21
1.3817e+02 7.9160e-07 8.1563e+03 7.5422e-21
1.4107e+02 7.4603e-07 8.1713e+03 7.0871e-21
1.4402e+02 7.0303e-07 8.1860e+03 6.6595e-21
1.4704e+02 6.6245e-07 8.2003e+03 6.2577e-21
1.5012e+02 6.2417e-07 8.2144e+03 5.8801e-21
1.5327e+02 5.8805e-07 8.2282e+03 5.5254e-21
1.5648e+02 5.5397e-07 8.2416e+03 5.1920e-21
1.5976e+02 5.2182e-07 8.2547e+03 4.8787e-21
1.6311e+02 4.9149e-07 8.2674e+03 4.5844e-21
1.6653e+02 4.6289e-07 8.2798e+03 4.3078e-21
1.7002e+02 4.3590e-07 8.2919e+03 4.0479e-21
1.7358e+02 4.1046e-07 8.3035e+03 3.8036e-21
1.7722e+02 3.8646e-07 8.3148e+03 3.5741e-21
1.8094e+02 3.6382e-07 8.3256e+03 3.3585e-21
1.8473e+02 3.4248e-07 8.3361e+03 3.1559e-21
1.8860e+02 3.2236e-07 8.3461e+03 2.9654e-21
1.9256e+02 3.0339e-07 8.3557e+03 2.7865e-21
1.9659e+02 2.8550e-07 8.3649e+03 2.6184e-21
2.0071e+02 2.6864e-07 8.3737e+03 2.4604e-21
2.0492e+02 2.5275e-07 8.3820e+03 2.3120e-21
2.0921e+02 2.3777e-07 8.3898e+03 2.1725e-21
2.1360e+02 2.2366e-07 8.3972e+03 2.0414e-21
2.1808e+02 2.1036e-07 8.4042e+03 1.9182e-21
2.2265e+02 1.9783e-07 8.4106e+03 1.8025e-21
2.2731e+02 1.8602e-07 8.4166e+03 1.6937e-21
2.3208e+02 1.7490e-07 8.4222e+03 1.5915e-21
2.3694e+02 1.6442e-07 8.4272e+03 1.4955e-21
2.4191e+02 1.5456e-07 8.4318e+03 1.4053e-21
2.4698e+02 1.4527e-07 8.4359e+03 1.3205e-21
2.5216e+02 1.3652e-07 8.4395e+03 1.2408e-21
2.5744e+02 1.2829e-07 8.4426e+03 1.1660e-21
2.6284e+02 1.2053e-07 8.4453e+03 1.0956e-21
2.6835e+02 1.1324e-07 8.4475e+03 1.0295e-21
2.7397e+02 1.0637e-07 8.4493e+03 9.6740e-22
2.7972e+02 9.9913e-08 8.4506e+03 9.0903e-22
2.8558e+02 9.3837e-08 8.4515e+03 8.5418e-22
2.9157e+02 8.8121e-08 8.4520e+03 8.0264e-22
2.9768e+02 8.2746e-08 8.4521e+03 7.5422e-22
3.0392e+02 7.7692e-08 8.4518e+03 7.0871e-22
3.1029e+02 7.2940e-08 8.4512e+03 6.6595e-22
3.1679e+02 6.8473e-08 8.4502e+03 6.2577e-22
3.2343e+02 6.4275e-08 8.4488e+03 5.8801e-22
3.3021e+02 6.0330e-08 8.4472e+03 5.5254e-22
3.3713e+02 5.6624e-08 8.4454e+03 5.1920e-22
3.4420e+02 5.3144e-08 8.4434e+03 4.8787e-22
3.5141e+02 4.9875e-08 8.4412e+03 4.5844e-22
3.5878e+02 4.6806e-08 8.4389e+03 4.3078e-22
3.6630e+02 4.3925e-08 8.4365e+03 4.0479e-22
3.7398e+02 4.1221e-08 8.4340e+03 3.8036e-22
3.8181e+02 3.8683e-08 8.4316e+03 3.5741e-22
3.8982e+02 3.6302e-08 8.4291e+03 3.3585e-22
3.9799e+02 3.4068e-08 8.4268e+03 3.1559e-22
4.0633e+02 3.1972e-08 8.4246e+03 2.9654e-22
4.1485e+02 3.0007e-08 8.4226e+03 2.7865e-22
4.2354e+02 2.8164e-08 8.4209e+03 2.6184e-22
4.3242e+02 2.6437e-08 8.4195e+03 2.4604e-22
4.4148e+02 2.4818e-08 8.4184e+03 2.3120e-22
4.5074e+02 2.3300e-08 8.4179e+03 2.1725e-22
4.6019e+02 2.1878e-08 8.4178e+03 2.0414e-22
4.6983e+02 2.0545e-08 8.4183e+03 1.9182e-22
4.7968e+02 1.9297e-08 8.4194e+03 1.8025e-22
4.8973e+02 1.8127e-08 8.4211e+03 1.6937e-22
5.0000e+02 1.7031e-08 8.4236e+03 1.5915e-22
5.1048e+02 1.6004e-08 8.4268e+03 1.4955e-22
5.2118e+02 1.5042e-08 8.4308e+03 1.4053e-22
5.3210e+02 1.4140e-08 8.4356e+03 1.3205e-22
5.4326e+02 1.3295e-08 8.4413e+03 1.2408e-22
5.5464e+02 1.2503e-08 8.4478e+03 1.1660e-22
5.6627e+02 1.1761e-08 8.4553e+03 1.0956e-22
5.7814e+02 1.1065e-08 8.4637e+03 1.0295e-22
5.9026e+02 1.0413e-08 8.4731e+03 9.6740e-23
6.0263e+02 9.8018e-09 8.4835e+03 9.0903e-23
6.1526e+02 9.2287e-09 8.4950e+03 8.5418e-23
6.2816e+02 8.6912e-09 8.5076e+03 8.0264e-23
6.4132e+02 8.1872e-09 8.5214e+03 7.5422e-23
6.5477e+02 7.7145e-09 8.5362e+03 7.0871e-23
6.6849e+02 7.2710e-09 8.5523e+03 6.6595e-23
6.8250e+02 6.8550e-09 8.5696e+03 6.2577e-23
6.9681e+02 6.4646e-09 8.5881e+03 5.8801e-23
7.1142e+02 6.0981e-09 8.6079e+03 5.5254e-23
7.2633e+02 5.7542e-09 8.6290e+03 5.1920e-23
7.4155e+02 5.4313e-09 8.6515e+03 4.8787e-23
7.5709e+02 5.1281e-09 8.6755e+03 4.5844e-23
7.7296e+02 4.8435e-09 8.7009e+03 4.3078e-23
7.8917e+02 4.5764e-09 8.7281e+03 4.0479e-23
8.0571e+02 4.3257e-09 8.7570e+03 3.8036e-23
8.2260e+02 4.0905e-09 8.7879e+03 3.5741e-23
8.3984e+02 3.8698e-09 8.8209e+03 3.3585e-23
8.5744e+02 3.6627e-09 8.8561e+03 3.1559e-23
8.7541e+02 3.4684e-09 8.8936e+03 2.9654e-23
8.9376e+02 3.2862e-09 8.9337e+03 2.7865e-23
9.1250e+02 3.1152e-09 8.9764e+03 2.6184e-23
9.3162e+02 2.9548e-09 9.0219e+03 2.4604e-23
9.5115e+02 2.8044e-09 9.0703e+03 2.3120e-23
9.7109e+02 2.6633e-09 9.1219e+03 2.1725e-23
9.9144e+02 2.5310e-09 9.1767e+03 2.0414e-23
1.0122e+03 2.4069e-09 9.2351e+03 1.9182e-23
1.0334e+03 2.2905e-09 9.2971e+03 1.8025e-23
1.0551e+03 2.1813e-09 9.3630e+03 1.6937e-23
1.0772e+03 2.0789e-09 9.4329e+03 1.5915e-23
1.0998e+03 1.9828e-09 9.5071e+03 1.4955e-23
1.1228e+03 1.8928e-09 9.5857e+03 1.4053e-23
1.1464e+03 1.8083e-09 9.6691e+03 1.3205e-23
1.1704e+03 1.7292e-09 9.7575e+03 1.2408e-23
1.1949e+03 1.6551e-09 9.8514e+03 1.1660e-23
1.2200e+03 1.5857e-09 9.9512e+03 1.0956e-23
1.2456e+03 1.5210e-09 1.0058e+04 1.0295e-23
1.2717e+03 1.4605e-09 1.0171e+04 9.6740e-24
1.2983e+03 1.4042e-09 1.0292e+04 9.0903e-24
1.3255e+03 1.3518e-09 1.0421e+04 8.5418e-24
1.3533e+03 1.3031e-09 1.0559e+04 8.0264e-24
1.3817e+03 1.2580e-09 1.0706e+04 7.5422e-24
1.4107e+03 1.2162e-09 1.0863e+04 7.0871e-24
1.4402e+03 1.1777e-09 1.1032e+04 6.6595e-24
1.4704e+03 1.1423e-09 1.1212e+04 6.2577e-24
1.5012e+03 1.1099e-09 1.1406e+04 5.8801e-24
1.5327e+03 1.0806e-09 1.1614e+04 5.5254e-24
1.5648e+03 1.0541e-09 1.1838e+04 5.1920e-24
1.5976e+03 1.0305e-09 1.2079e+04 4.8787e-24
1.6311e+03 1.0097e-09 1.2338e+04 4.5844e-24
1.6653e+03 9.9171e-10 1.2619e+04 4.3078e-24
1.7002e+03 9.7646e-10 1.2922e+04 4.0479e-24
1.7358e+03 9.6398e-10 1.3250e+04 3.8036e-24
1.7722e+03 9.5427e-10 1.3605e+04 3.5741e-24
1.8094e+03 9.4737e-10 1.3989e+04 3.3585e-24
1.8473e+03 9.4340e-10 1.4406e+04 3.1559e-24
1.8860e+03 9.4249e-10 1.4859e+04 2.9654e-24
1.9256e+03 9.4479e-10 1.5353e+04 2.7865e-24
1.9659e+03 9.5050e-10 1.5892e+04 2.6184e-24
2.0071e+03 9.5985e-10 1.6481e+04 2.4604e-24
2.0492e+03 9.7312e-10 1.7125e+04 2.3120e-24
2.0921e+03 9.9064e-10 1.7831e+04 2.1725e-24
2.1360e+03 1.0128e-09 1.8606e+04 2.0414e-24
2.1808e+03 1.0401e-09 1.9458e+04 1.9182e-24
2.2265e+03 1.0732e-09 2.0397e+04 1.8025e-24
2.2731e+03 1.1126e-09 2.1433e+04 1.6937e-24
2.3208e+03 1.1593e-09 2.2577e+04 1.5915e-24
2.3694e+03 1.2142e-09 2.3845e+04 1.4955e-24
2.4191e+03 1.2786e-09 2.5252e+04 1.4053e-24
2.4698e+03 1.3539e-09 2.6815e+04 1.3205e-24
2.5216e+03 1.4418e-09 2.8558e+04 1.2408e-24
2.5744e+03 1.5446e-09 3.0503e+04 1.1660e-24
2.6284e+03 1.6649e-09 3.2681e+04 1.0956e-24
2.6835e+03 1.8057e-09 3.5124e+04 1.0295e-24
2.7397e+03 1.9712e-09 3.7872e+04 9.6740e-25
2.7972e+03 2.1661e-09 4.0970e+04 9.0903e-25
2.8558e+03 2.3960e-09 4.4467e+04 8.5418e-25
2.9157e+03 2.6679e-09 4.8423e+04 8.0264e-25
2.9768e+03 2.9904e-09 5.2906e+04 7.5422e-25
3.0392e+03 3.3742e-09 5.7996e+04 7.0871e-25
3.1029e+03 3.8326e-09 6.3786e+04 6.6595e-25
3.1679e+03 4.3822e-09 7.0389e+04 6.2577e-25
3.2343e+03 5.0442e-09 7.7933e+04 5.8801e-25
3.3021e+03 5.8449e-09 8.6574e+04 5.5254e-25
3.3713e+03 6.8181e-09 9.6494e+04 5.1920e-25
3.4420e+03 8.0066e-09 1.0791e+05 4.8787e-25
3.5141e+03 9.4666e-09 1.2109e+05 4.5844e-25
3.5878e+03 1.1271e-08 1.3635e+05 4.3078e-25
3.6630e+03 1.3516e-08 1.5409e+05 4.0479e-25
3.7398e+03 1.6328e-08 1.7478e+05 3.8036e-25
3.8181e+03 1.9875e-08 1.9900e+05 3.5741e-25
3.8982e+03 2.4378e-08 2.2744e+05 3.3585e-25
3.9799e+03 3.0140e-08 2.6098e+05 3.1559e-25
4.0633e+03 3.7565e-08 3.0068e+05 2.9654e-25
4.1485e+03 4.7209e-08 3.4785e+05 2.7865e-25
4.2354e+03 5.9831e-08 4.0413e+05 2.6184e-25
4.3242e+03 7.6464e-08 4.7147e+05 2.4604e-25
4.4148e+03 9.8471e-08 5.5215e+05 2.3120e-25
4.5074e+03 1.2768e-07 6.4883e+05 2.1725e-25
4.6019e+03 1.6655e-07 7.6474e+05 2.0414e-25
4.6983e+03 2.1838e-07 9.0370e+05 1.9182e-25
4.7968e+03 2.8760e-07 1.0702e+06 1.8025e-25
4.8973e+03 3.8010e-07 1.2697e+06 1.6937e-25
5.0000e+03 5.0374e-07 1.5085e+06 1.5915e-25
