1.570796326794896653e-03 9.401691228771403530e+02
3.378219023331332106e-03 8.397574494578084341e+03
5.185641719867767341e-03 7.873164870873386008e+02
6.993064416404203010e-03 3.333038131932693204e+02
8.800487112940638679e-03 1.816401218201812071e+02
1.060790980947707261e-02 5.993181629208873318e+01
1.241533250601350828e-02 4.669988476926804566e+01
1.422275520254994395e-02 2.955999113659548527e+01
1.603017789908638135e-02 2.012493216874135982e+01
1.783760059562281355e-02 1.257456653172462424e+01
1.964502329215924922e-02 1.109685062525262644e+01
2.145244598869568489e-02 7.576155229326834828e+00
2.325986868523212056e-02 5.556690352542652533e+00
2.506729138176855623e-02 4.636353637587901311e+00
2.687471407830499190e-02 3.393032646546827458e+00
2.868213677484142757e-02 2.678368128779274659e+00
3.048955947137786324e-02 2.166360942994021599e+00
3.229698216791430238e-02 1.863642860477220164e+00
3.410440486445073111e-02 1.539728078687777835e+00
3.591182756098716677e-02 1.281257210446826722e+00
3.771925025752360244e-02 1.149594095190040521e+00
3.952667295406003811e-02 9.559377628487261136e-01
4.133409565059647378e-02 8.018963699516643562e-01
4.314151834713290945e-02 7.008263302193294964e-01
4.494894104366934512e-02 6.375619318085234966e-01
4.675636374020578079e-02 5.430863921988602350e-01
4.856378643674221646e-02 4.949303145699817108e-01
5.037120913327865213e-02 4.448298839590336118e-01
5.217863182981508779e-02 4.008271937384180750e-01
5.398605452635152346e-02 3.544721824887426820e-01
5.579347722288795913e-02 3.232506535339890186e-01
5.760089991942439480e-02 2.963408854485947708e-01
5.940832261596083047e-02 2.572577876398737806e-01
6.121574531249726614e-02 2.372589248521769223e-01
6.302316800903370875e-02 2.165223432440434026e-01
6.483059070557013748e-02 2.056105813219401002e-01
6.663801340210656621e-02 1.905971551334758041e-01
6.844543609864300882e-02 1.745314079228368620e-01
7.025285879517943755e-02 1.684317297041712513e-01
7.206028149171588015e-02 1.498709649320525694e-01
7.386770418825230888e-02 1.381242942355253855e-01
7.567512688478875149e-02 1.293944279270051179e-01
7.748254958132518022e-02 1.194740318972207782e-01
7.928997227786162283e-02 1.116115331372229402e-01
8.109739497439805156e-02 1.054919011468691686e-01
8.290481767093449417e-02 9.757262617654643977e-02
8.471224036747092290e-02 9.384377597899773438e-02
8.651966306400736550e-02 8.585414451168366101e-02
8.832708576054379424e-02 8.309196577387099880e-02
9.013450845708023684e-02 7.996404797660300323e-02
9.194193115361666557e-02 7.339451623397114099e-02
9.374935385015310818e-02 7.064431316459360288e-02
9.555677654668953691e-02 6.668268809295826993e-02
9.736419924322597952e-02 6.317412218193502182e-02
9.917162193976240825e-02 5.976967084741513503e-02
1.009790446362988509e-01 5.783165244399858518e-02
1.027864673328352796e-01 5.529510082706036445e-02
1.045938900293717222e-01 5.284384125656261394e-02
1.064013127259081509e-01 5.127975211718002052e-02
1.082087354224445935e-01 4.872572109567630677e-02
1.100161581189810223e-01 4.700572971790100557e-02
1.118235808155174649e-01 4.523155273920373420e-02
1.136310035120538936e-01 4.327484191356181786e-02
1.154384262085903362e-01 4.208088506156339864e-02
1.172458489051267649e-01 4.050358750826071191e-02
1.190532716016631937e-01 3.953103562601410076e-02
1.208606942981996363e-01 3.796904951374686921e-02
1.226681169947360650e-01 3.644853262475535038e-02
1.244755396912725076e-01 3.503518461963525676e-02
1.262829623878089502e-01 3.462523877961657531e-02
1.280903850843453928e-01 3.360994709548330295e-02
1.298978077808818354e-01 3.229404478955461011e-02
1.317052304774182503e-01 3.163123820934270886e-02
1.335126531739546929e-01 3.100367169931354458e-02
1.353200758704911355e-01 3.056984072450034950e-02
1.371274985670275781e-01 2.964415686548156972e-02
1.389349212635639930e-01 2.882619186861592672e-02
1.407423439601004356e-01 2.832060903207606409e-02
1.425497666566368782e-01 2.783120281938583976e-02
1.443571893531733208e-01 2.747422616872807408e-02
1.461646120497097356e-01 2.691624382269111604e-02
1.479720347462461782e-01 2.629513565185392573e-02
1.497794574427826209e-01 2.594073432309303498e-02
1.515868801393190635e-01 2.555168535283412409e-02
1.533943028358554783e-01 2.500925616428737591e-02
1.552017255323919209e-01 2.485591254771871497e-02
1.570091482289283635e-01 2.459684712388049421e-02
1.588165709254648061e-01 2.418737725662753468e-02
1.606239936220012210e-01 2.362906365939900291e-02
1.624314163185376636e-01 2.340095720718164685e-02
1.642388390150741062e-01 2.328725924328843219e-02
1.660462617116105488e-01 2.317019553247736188e-02
1.678536844081469637e-01 2.291153487709230233e-02
1.696611071046834063e-01 2.281196954987536538e-02
1.714685298012198489e-01 2.262635723900512444e-02
1.732759524977562915e-01 2.234257072668414251e-02
1.750833751942927063e-01 2.234492946133316907e-02
1.768907978908291490e-01 2.213996896423458746e-02
1.786982205873655916e-01 2.202809208834570487e-02
1.805056432839020064e-01 2.196070485058313967e-02
1.823130659804384490e-01 2.173419021818982083e-02
1.841204886769748916e-01 2.175756779895688178e-02
1.859279113735113342e-01 2.168092324739588975e-02
1.877353340700477491e-01 2.166890140017264932e-02
1.895427567665841917e-01 2.182038775993679069e-02
1.913501794631206343e-01 2.156522449781818340e-02
1.931576021596570769e-01 2.150639992504741610e-02
1.949650248561934918e-01 2.165363889475683049e-02
1.967724475527299344e-01 2.158696697648133586e-02
1.985798702492663770e-01 2.162325285194681077e-02
2.003872929458028196e-01 2.167637593626006720e-02
2.021947156423392344e-01 2.184051035337524968e-02
2.040021383388756770e-01 2.180399965706821680e-02
2.058095610354121197e-01 2.193403084927456059e-02
2.076169837319485623e-01 2.202162835690027812e-02
2.094244064284849771e-01 2.202439604863208611e-02
2.112318291250214197e-01 2.219107031772048211e-02
2.130392518215578623e-01 2.246787073565873274e-02
2.148466745180943049e-01 2.248802572993032628e-02
2.166540972146307198e-01 2.252573701372059811e-02
2.184615199111671624e-01 2.264179594979267088e-02
2.202689426077036050e-01 2.275894500398881887e-02
2.220763653042400476e-01 2.302923574828098785e-02
2.238837880007764625e-01 2.329678865303329294e-02
2.256912106973129051e-01 2.328557347125171859e-02
2.274986333938493477e-01 2.363832883334890042e-02
2.293060560903857903e-01 2.388865583090193229e-02
2.311134787869222051e-01 2.399131455773512861e-02
2.329209014834586478e-01 2.435058386290485030e-02
2.347283241799950904e-01 2.449302201374640997e-02
2.365357468765315052e-01 2.498414877225193370e-02
2.383431695730679478e-01 2.514179573951992250e-02
2.401505922696043904e-01 2.580416788235533054e-02
2.419580149661408330e-01 2.623527213156334748e-02
2.437654376626772479e-01 2.626893481993090515e-02
2.455728603592136905e-01 2.679061899837762231e-02
2.473802830557501331e-01 2.723026289369482808e-02
2.491877057522865757e-01 2.772220419568741101e-02
2.509951284488229906e-01 2.808282060112830478e-02
2.528025511453594332e-01 2.856609331362800278e-02
2.546099738418958758e-01 2.865914266560806722e-02
2.564173965384323184e-01 2.933415638895588151e-02
2.582248192349687610e-01 2.994018133197103027e-02
2.600322419315052036e-01 3.079527996800572251e-02
2.618396646280415907e-01 3.110847179217243047e-02
2.636470873245780333e-01 3.183333943556153345e-02
2.654545100211144759e-01 3.249896884987224510e-02
2.672619327176509185e-01 3.363042804535357200e-02
2.690693554141873611e-01 3.397211629634683955e-02
2.708767781107238037e-01 3.495784842457001773e-02
2.726842008072602463e-01 3.587592943354381281e-02
2.744916235037966890e-01 3.724824238098253804e-02
2.762990462003330761e-01 3.810880304842208938e-02
2.781064688968695187e-01 3.905504205036643833e-02
2.799138915934059613e-01 4.013224713809567662e-02
2.817213142899424039e-01 4.219626564888204201e-02
2.835287369864788465e-01 4.328012060856729210e-02
2.853361596830152891e-01 4.500425153933020062e-02
2.871435823795517317e-01 4.730827543785984940e-02
2.889510050760881743e-01 4.894220539621241955e-02
2.907584277726245614e-01 5.120455916303875282e-02
2.925658504691610040e-01 5.385223859964885507e-02
2.943732731656974466e-01 5.541836530571362524e-02
2.961806958622338892e-01 5.962059662448715436e-02
2.979881185587703318e-01 6.252351135448391828e-02
2.997955412553067744e-01 6.652670577551539344e-02
3.016029639518432170e-01 7.117663610381139150e-02
3.034103866483796041e-01 7.547207929410623684e-02
3.052178093449160468e-01 8.285849947702814133e-02
3.070252320414524894e-01 9.245368010544763315e-02
3.088326547379889320e-01 1.004031780153394476e-01
3.106400774345253746e-01 1.112866565614707287e-01
3.124475001310618172e-01 1.298273577927778477e-01
3.142549228275982598e-01 1.485166428896349256e-01
3.160623455241347024e-01 1.808122928222761772e-01
3.178697682206710895e-01 2.467201992819126610e-01
3.196771909172075321e-01 3.425258399592136516e-01
3.214846136137439747e-01 3.902547181241826091e-01
3.232920363102804173e-01 1.454249027882235312e+00
3.250994590068168599e-01 7.839488929201009204e-02
3.269068817033533025e-01 4.256058363975092490e-02
3.287143043998897451e-01 3.523047051944872693e-02
3.305217270964261878e-01 3.098910492212922363e-02
3.323291497929625748e-01 2.891218256560024527e-02
3.341365724894990175e-01 2.733527359621819655e-02
3.359439951860354601e-01 2.619890333005635286e-02
3.377514178825719027e-01 2.534924584778943876e-02
3.395588405791083453e-01 2.504022474240662557e-02
3.413662632756447879e-01 2.441506314977246600e-02
3.431736859721812305e-01 2.426455123333799008e-02
3.449811086687176731e-01 2.401408143126962727e-02
3.467885313652540602e-01 2.392183246517456952e-02
3.485959540617905028e-01 2.381343102932153427e-02
3.504033767583269454e-01 2.401396822583209620e-02
3.522107994548633880e-01 2.409499665858694240e-02
3.540182221513998306e-01 2.429127800357332168e-02
3.558256448479362732e-01 2.437297697764201701e-02
3.576330675444727158e-01 2.449895040601232990e-02
3.594404902410091029e-01 2.483904688200076760e-02
3.612479129375455456e-01 2.510973490102257760e-02
3.630553356340819882e-01 2.547095393420549525e-02
3.648627583306184308e-01 2.574891008758921004e-02
3.666701810271548734e-01 2.614533317880460978e-02
3.684776037236913160e-01 2.672058929090566359e-02
3.702850264202277586e-01 2.707108873364742069e-02
3.720924491167642012e-01 2.768962329956362392e-02
3.738998718133005883e-01 2.800973057278843478e-02
3.757072945098370309e-01 2.873540062119461780e-02
3.775147172063734735e-01 2.961585687062671945e-02
3.793221399029099161e-01 3.045136485985259350e-02
3.811295625994463587e-01 3.113891005581473706e-02
3.829369852959828013e-01 3.201412104724270929e-02
3.847444079925192439e-01 3.272296685879538813e-02
3.865518306890556866e-01 3.374588188400551997e-02
3.883592533855920736e-01 3.471981585873140652e-02
3.901666760821285163e-01 3.548404893927607773e-02
3.919740987786649589e-01 3.677233450552914312e-02
3.937815214752014015e-01 3.840669200679393963e-02
3.955889441717378441e-01 3.972462782493094147e-02
3.973963668682742867e-01 4.127583655802982698e-02
3.992037895648107293e-01 4.256327876529079901e-02
4.010112122613471719e-01 4.443194143254722978e-02
4.028186349578835590e-01 4.629742257756414014e-02
4.046260576544200016e-01 4.863846909094377696e-02
4.064334803509564442e-01 4.995252674094792511e-02
4.082409030474928868e-01 5.294367719940854672e-02
4.100483257440293294e-01 5.492311150222100452e-02
4.118557484405657720e-01 5.751681877589573388e-02
4.136631711371022146e-01 6.062523168119508810e-02
4.154705938336386017e-01 6.343713684599362745e-02
4.172780165301750444e-01 6.696018452335258941e-02
4.190854392267114870e-01 7.200134690525820946e-02
4.208928619232479296e-01 7.615188925536267583e-02
4.227002846197843722e-01 8.134333669179702464e-02
4.245077073163208148e-01 8.645212519934654394e-02
4.263151300128572574e-01 9.265294758197797909e-02
4.281225527093937000e-01 9.939398085015997697e-02
4.299299754059300871e-01 1.094735253791828955e-01
4.317373981024665297e-01 1.156279892459139702e-01
4.335448207990029723e-01 1.252445117229848970e-01
4.353522434955394149e-01 1.424399383028075172e-01
4.371596661920758575e-01 1.586797360471620399e-01
4.389670888886123001e-01 1.765733337771431266e-01
4.407745115851487427e-01 1.909989509809730535e-01
4.425819342816851854e-01 2.231804696781929387e-01
4.443893569782215724e-01 2.541182070422041694e-01
4.461967796747580151e-01 2.833725023337171911e-01
4.480042023712944577e-01 3.613076875863833193e-01
4.498116250678309003e-01 4.176952493496399743e-01
4.516190477643673429e-01 5.241196328595004728e-01
4.534264704609037855e-01 6.199793699527846869e-01
4.552338931574402281e-01 6.650030560461248630e-01
4.570413158539766707e-01 5.048784155234731230e-01
4.588487385505130578e-01 3.690476492483918403e-02
4.606561612470495004e-01 3.380412152245693830e-02
4.624635839435859430e-01 3.320994988008349469e-02
4.642710066401223856e-01 3.363828572917040849e-02
4.660784293366588282e-01 3.469176451577606762e-02
4.678858520331952708e-01 3.520983761558368896e-02
4.696932747297317134e-01 3.634464869554828587e-02
4.715006974262681005e-01 3.787629397391444053e-02
4.733081201228045432e-01 3.988392012958160565e-02
4.751155428193409858e-01 4.209779094973306601e-02
4.769229655158774284e-01 4.329891667516554826e-02
4.787303882124138710e-01 4.573652209580177097e-02
4.805378109089503136e-01 4.824971128670526438e-02
4.823452336054867562e-01 5.055393347680139926e-02
4.841526563020231988e-01 5.280419543753403500e-02
4.859600789985595859e-01 5.712235276107284487e-02
4.877675016950960285e-01 5.998947008492039323e-02
4.895749243916324711e-01 6.411586083973913608e-02
4.913823470881689137e-01 6.946684642717575187e-02
4.931897697847053563e-01 7.356536258713550214e-02
4.949971924812417989e-01 8.091009104955450282e-02
4.968046151777782415e-01 8.414533420625731897e-02
4.986120378743146841e-01 9.237990462572993888e-02
5.004194605708510712e-01 9.941755785204628437e-02
5.022268832673875139e-01 1.059565644654863331e-01
5.040343059639239565e-01 1.204449812416576032e-01
5.058417286604603991e-01 1.281955270069071173e-01
5.076491513569968417e-01 1.408159692275860742e-01
5.094565740535332843e-01 1.558218726198902504e-01
5.112639967500697269e-01 1.749757082240093187e-01
5.130714194466061695e-01 1.902300729349226116e-01
5.148788421431426121e-01 2.125574489735988226e-01
5.166862648396790547e-01 2.412078090379767281e-01
5.184936875362154973e-01 2.687197884860066943e-01
5.203011102327519399e-01 3.199321712608503843e-01
5.221085329292882715e-01 3.441764229810057030e-01
5.239159556258247141e-01 3.749315325268512411e-01
5.257233783223611567e-01 4.483380564011653080e-01
5.275308010188975993e-01 4.984501206672448670e-01
5.293382237154340419e-01 5.970153514846376908e-01
5.311456464119704846e-01 6.833783635608806639e-01
5.329530691085069272e-01 8.252847820443600657e-01
5.347604918050433698e-01 9.310367357904221208e-01
5.365679145015798124e-01 1.119275503470607003e+00
5.383753371981162550e-01 1.388291688132416102e+00
5.401827598946526976e-01 1.669545801515857963e+00
5.419901825911891402e-01 2.131281265188379681e+00
5.437976052877255828e-01 2.672165303890720267e+00
5.456050279842620254e-01 3.279815689768173392e+00
5.474124506807984680e-01 4.216207711682606885e+00
5.492198733773347996e-01 5.871832890943517569e+00
5.510272960738712422e-01 1.089394185224128719e+01
5.528347187704076848e-01 1.427948343876375681e+01
5.546421414669441274e-01 1.489407129291536691e+01
5.564495641634805700e-01 2.209172796849805209e+01
5.582569868600170127e-01 1.359464891694345390e+01
5.600644095565534553e-01 2.036880107614573276e+00
5.618718322530898979e-01 4.681005704900706617e-03
5.636792549496263405e-01 1.829721563390764244e-03
5.654866776461627831e-01 1.364353288369778150e-03
